1950-03-18T15:31:36 UT1,1950-03-18T15:32:05 TT,29s,1950-03-18T16:00:00 TT,0.6944373656,0.4485207584,-0.0000392321,-0.0000051541,-0.7567062159,0.2493761442,0.0000309863,-0.0000030523,-0.7169420729,0.0158739238,-0.0000001022,0.0000000062,0.5671806512,0.0000649031,-0.0000101303,0.0000000023,0.0209179546,0.0000645798,-0.0000100798,0.0000000023,57.1814648329,15.0041382593,0.0000000000,0.0000000000,0.0046956353,0.0046722405
1950-09-12T03:38:14 UT1,1950-09-12T03:38:43 TT,29s,1950-09-12T04:00:00 TT,0.6011345116,0.4900993335,-0.0000269962,-0.0000072518,0.6858045762,-0.2685934534,-0.0000643113,0.0000041458,4.1480847959,-0.0152596700,-0.0000008922,-0.0000000088,0.5431994612,-0.0001165396,-0.0000118305,-0.0000000037,-0.0029436238,-0.0001159591,-0.0000117715,-0.0000000037,240.1056493288,15.0048560884,0.0000000000,0.0000000000,0.0046439005,0.0046207635
1951-03-07T20:53:11 UT1,1951-03-07T20:53:40 TT,29s,1951-03-07T21:00:00 TT,0.1662296126,0.4772189797,-0.0000386426,-0.0000064947,-0.1849448593,0.2602676327,0.0000297624,-0.0000037420,-5.0682128350,0.0156017225,0.0000008978,0.0000000078,0.5535104044,0.0001158588,-0.0000113462,0.0000000039,0.0073157816,0.0001152817,-0.0000112897,0.0000000039,131.4465861288,15.0036915023,0.0000000000,0.0000000000,0.0047092517,0.0046857890
1951-09-01T12:51:21 UT1,1951-09-01T12:51:51 TT,30s,1951-09-01T13:00:00 TT,0.1356792954,0.4651656364,-0.0000136260,-0.0000057412,0.1045435060,-0.2448231953,-0.0000528987,0.0000031909,8.2120047458,-0.0145431547,-0.0000017749,-0.0000000066,0.5577158528,-0.0001054062,-0.0000104765,-0.0000000031,0.0115004740,-0.0001048811,-0.0000104243,-0.0000000031,14.1985134017,15.0044305391,0.0000000000,0.0000000000,0.0046318279,0.0046087510
1952-02-25T09:11:06 UT1,1952-02-25T09:11:36 TT,30s,1952-02-25T09:00:00 TT,-0.3141539112,0.5100065773,-0.0000212876,-0.0000081918,0.3663877728,0.2636390422,0.0000296665,-0.0000044368,-9.1728491642,0.0148316801,0.0000019180,0.0000000095,0.5405117715,0.0000791580,-0.0000126783,0.0000000028,-0.0056181194,0.0000787637,-0.0000126152,0.0000000028,310.9125353088,15.0028822656,0.0000000000,0.0000000000,0.0047211955,0.0046976733
1952-08-20T15:13:05 UT1,1952-08-20T15:13:35 TT,30s,1952-08-20T15:00:00 TT,-0.3700439725,0.4549321050,-0.0000131989,-0.0000050325,-0.4985803172,-0.2213730044,-0.0000435843,0.0000026085,12.1131122170,-0.0133442554,-0.0000026610,-0.0000000052,0.5665918436,-0.0000167103,-0.0000097251,-0.0000000007,0.0203322701,-0.0000166271,-0.0000096766,-0.0000000007,43.4185967550,15.0036747536,0.0000000000,0.0000000000,0.0046208018,0.0045977799
1953-02-14T00:58:59 UT1,1953-02-14T00:59:29 TT,30s,1953-02-14T01:00:00 TT,-0.4784186194,0.5267279596,-0.0000065157,-0.0000088363,1.0271386684,0.2481112480,0.0000232412,-0.0000043745,-12.9568426295,0.0135924024,0.0000029799,0.0000000093,0.5374954445,-0.0000259531,-0.0000130709,-0.0000000008,-0.0086194455,-0.0000258237,-0.0000130058,-0.0000000008,190.6627110471,15.0017279496,0.0000000000,0.0000000000,0.0047317975,0.0047082225
1953-07-11T02:43:54 UT1,1953-07-11T02:44:24 TT,30s,1953-07-11T03:00:00 TT,0.4716870051,0.5127997263,-0.0000684059,-0.0000064381,1.3663397247,-0.1236390885,-0.0001959631,0.0000017100,22.0716972461,-0.0053068690,-0.0000050123,-0.0000000034,0.5551478331,0.0001018874,-0.0000104528,0.0000000031,0.0089453343,0.0001013798,-0.0000104007,0.0000000031,222.8550429320,14.9999367563,0.0000000000,0.0000000000,0.0045977289,0.0045748219
1953-08-09T15:59:00 UT1,1953-08-09T15:59:30 TT,30s,1953-08-09T16:00:00 TT,-0.4927606812,0.4715546240,-0.0000267078,-0.0000054591,-1.2511644648,-0.2031363389,-0.0000306159,0.0000024918,15.6264841757,-0.0116690473,-0.0000035391,-0.0000000049,0.5622642839,0.0000754901,-0.0000099824,0.0000000020,0.0160262951,0.0000751139,-0.0000099327,0.0000000020,57.8719891507,15.0027060975,0.0000000000,0.0000000000,0.0046113556,0.0045883807
1954-01-05T02:31:26 UT1,1954-01-05T02:31:56 TT,30s,1954-01-05T03:00:00 TT,0.4417654948,0.5321564032,-0.0000347524,-0.0000073731,-0.8563539931,0.1134503800,0.0002015202,-0.0000016948,-22.6112762045,0.0044250778,0.0000059724,0.0000000035,0.5555901105,-0.0001323206,-0.0000114581,-0.0000000037,0.0093850125,-0.0001316613,-0.0000114010,-0.0000000037,222.8858390865,14.9967632533,0.0000000000,0.0000000000,0.0047534300,0.0047297472
1954-06-30T12:32:09 UT1,1954-06-30T12:32:39 TT,30s,1954-06-30T13:00:00 TT,0.3524118628,0.5529091085,-0.0000583181,-0.0000083015,0.5634398964,-0.0916640834,-0.0001861604,0.0000015281,23.1496921687,-0.0024211393,-0.0000054130,-0.0000000033,0.5402421930,0.0000989875,-0.0000117712,0.0000000039,-0.0058860401,0.0000984943,-0.0000117125,0.0000000039,13.3227327387,14.9993850262,0.0000000000,0.0000000000,0.0045968651,0.0045739623
1954-12-25T07:36:12 UT1,1954-12-25T07:36:42 TT,30s,1954-12-25T08:00:00 TT,0.2303511101,0.5085889724,-0.0000163349,-0.0000059495,-0.2300536367,0.0656370543,0.0001679799,-0.0000008792,-23.3947134437,0.0010036542,0.0000063831,0.0000000020,0.5705126809,-0.0000877745,-0.0000102324,-0.0000000021,0.0242332354,-0.0000873372,-0.0000101815,-0.0000000021,299.2178589270,14.9961905788,0.0000000000,0.0000000000,0.0047532057,0.0047295240
1955-06-20T04:10:12 UT1,1955-06-20T04:10:43 TT,31s,1955-06-20T04:00:00 TT,-0.1170415039,0.5803090026,-0.0000135962,-0.0000098108,-0.1429720857,-0.0515997513,-0.0001604265,0.0000010008,23.4389452883,0.0005155749,-0.0000055943,-0.0000000024,0.5308398399,0.0000385957,-0.0000127412,0.0000000012,-0.0152415524,0.0000384034,-0.0000126777,0.0000000012,238.8893164929,14.9992344325,0.0000000000,0.0000000000,0.0045984956,0.0045755847
1955-12-14T07:01:55 UT1,1955-12-14T07:02:26 TT,31s,1955-12-14T07:00:00 TT,-0.0380165894,0.5028927741,-0.0000080798,-0.0000055870,0.4253718192,0.0209215353,0.0001380524,-0.0000003283,-23.2119642122,-0.0025649583,0.0000063424,0.0000000012,0.5749683103,0.0000222827,-0.0000098783,0.0000000005,0.0286666756,0.0000221717,-0.0000098290,0.0000000005,285.6211628663,14.9963776075,0.0000000000,0.0000000000,0.0047493649,0.0047257024
1956-06-08T21:20:06 UT1,1956-06-08T21:20:37 TT,31s,1956-06-08T21:00:00 TT,-0.2089613587,0.5775238267,0.0000184511,-0.0000095180,-0.8911140597,-0.0064826948,-0.0001130520,0.0000002263,22.9592590934,0.0034127499,-0.0000055648,-0.0000000009,0.5330579523,-0.0000577160,-0.0000125350,-0.0000000025,-0.0130345023,-0.0000574284,-0.0000124726,-0.0000000025,134.4576565665,14.9994511259,0.0000000000,0.0000000000,0.0046029862,0.0045800530
1956-12-02T08:00:09 UT1,1956-12-02T08:00:40 TT,31s,1956-12-02T08:00:00 TT,0.0419887485,0.5218216443,-0.0000112748,-0.0000064434,1.0914994493,-0.0225065897,0.0001048200,0.0000002038,-22.0637533439,-0.0059294392,0.0000058882,0.0000000004,0.5650505526,0.0001079456,-0.0000105827,0.0000000029,0.0187983496,0.0001074077,-0.0000105299,0.0000000029,301.8573340664,14.9973081492,0.0000000000,0.0000000000,0.0047420685,0.0047184423
1957-04-30T00:04:51 UT1,1957-04-30T00:05:23 TT,32s,1957-04-30T00:00:00 TT,-0.2673666979,0.5187402249,0.0000485036,-0.0000067148,0.9639604029,0.1171885921,-0.0001266297,-0.0000014672,14.8099442075,0.0124769496,-0.0000032268,0.0000000024,0.5552972486,-0.0001152355,-0.0000107176,-0.0000000033,0.0090939004,-0.0001146612,-0.0000106642,-0.0000000033,179.9635279943,15.0026393168,0.0000000000,0.0000000000,0.0046395273,0.0046164120
1957-10-23T04:53:34 UT1,1957-10-23T04:54:06 TT,32s,1957-10-23T05:00:00 TT,-0.2050746965,0.5528336730,0.0000197577,-0.0000089047,-0.9826176107,-0.1484694639,0.0001319371,0.0000022917,-11.5141861531,-0.0142142841,0.0000021976,-0.0000000042,0.5401497931,0.0000843047,-0.0000125318,0.0000000029,-0.0059782353,0.0000838845,-0.0000124694,0.0000000029,258.1910049199,15.0027827789,0.0000000000,0.0000000000,0.0046981250,0.0046747178
1958-04-19T03:26:44 UT1,1958-04-19T03:27:16 TT,32s,1958-04-19T03:00:00 TT,-0.2938902091,0.4901119878,0.0000339888,-0.0000055511,0.2060265265,0.1311751387,-0.0000683435,-0.0000014247,11.1718213350,0.0141010604,-0.0000024916,0.0000000023,0.5677943505,-0.0000392144,-0.0000098355,-0.0000000012,0.0215287023,-0.0000390189,-0.0000097865,-0.0000000012,224.4835333770,15.0034706571,0.0000000000,0.0000000000,0.0046539348,0.0046307477
1958-10-12T20:54:55 UT1,1958-10-12T20:55:28 TT,33s,1958-10-12T21:00:00 TT,-0.0418513348,0.5591685172,0.0000189180,-0.0000095259,-0.2953884389,-0.1662661522,0.0000646211,0.0000027459,-7.6714816932,-0.0151967242,0.0000013742,-0.0000000054,0.5347841753,-0.0000127052,-0.0000129927,-0.0000000006,-0.0113170836,-0.0000126420,-0.0000129279,-0.0000000006,137.6911653260,15.0039024566,0.0000000000,0.0000000000,0.0046837531,0.0046604174
1959-04-08T03:23:36 UT1,1959-04-08T03:24:09 TT,33s,1959-04-08T03:00:00 TT,-0.0660384194,0.4878067469,0.0000058958,-0.0000055863,-0.4942537430,0.1458240752,-0.0000225311,-0.0000016090,7.1070028725,0.0152564116,-0.0000016858,0.0000000027,0.5676554764,0.0000622541,-0.0000099352,0.0000000015,0.0213904827,0.0000619441,-0.0000098857,0.0000000015,223.7877957045,15.0040916659,0.0000000000,0.0000000000,0.0046686776,0.0046454171
1959-10-02T12:26:26 UT1,1959-10-02T12:26:59 TT,33s,1959-10-02T12:00:00 TT,-0.1158711753,0.5392430681,0.0000249113,-0.0000083627,0.4778912001,-0.1704416345,-0.0000088898,0.0000025548,-3.6133007765,-0.0157256433,0.0000006144,-0.0000000050,0.5416827673,-0.0000865852,-0.0000121706,-0.0000000038,-0.0044528264,-0.0000861540,-0.0000121099,-0.0000000038,1.9514860584,15.0046094441,0.0000000000,0.0000000000,0.0046697100,0.0046464444
1960-03-27T07:24:41 UT1,1960-03-27T07:25:14 TT,33s,1960-03-27T07:00:00 TT,0.1360251020,0.5106333626,-0.0000179626,-0.0000067701,-1.1674619593,0.1624523052,0.0000301068,-0.0000021059,2.8545741621,0.0158975447,-0.0000008856,0.0000000039,0.5555644387,0.0001244121,-0.0000109835,0.0000000036,0.0093596493,0.0001237924,-0.0000109288,0.0000000035,282.9799540167,15.0043955062,0.0000000000,0.0000000000,0.0046829722,0.0046596404
1960-09-20T22:59:15 UT1,1960-09-20T22:59:48 TT,33s,1960-09-20T23:00:00 TT,0.3716175509,0.5066122935,-0.0000026162,-0.0000065938,1.1469568209,-0.1638504443,-0.0000616490,0.0000020430,0.5868480865,-0.0158121135,-0.0000001605,-0.0000000038,0.5557795031,-0.0001113495,-0.0000107856,-0.0000000035,0.0095737106,-0.0001107949,-0.0000107318,-0.0000000035,166.0524357173,15.0049013168,0.0000000000,0.0000000000,0.0046560105,0.0046328130
1961-02-15T08:19:16 UT1,1961-02-15T08:19:49 TT,33s,1961-02-15T08:00:00 TT,-0.4050137683,0.5611344901,-0.0000060333,-0.0000093853,0.8076334900,0.1441923146,0.0000342474,-0.0000023174,-12.5289393596,0.0140244499,0.0000028259,0.0000000043,0.5386866174,0.0000577719,-0.0000129398,0.0000000018,-0.0074342049,0.0000574841,-0.0000128754,0.0000000018,295.7710356047,15.0019655115,0.0000000000,0.0000000000,0.0047308142,0.0047072440
1961-08-11T10:46:14 UT1,1961-08-11T10:46:48 TT,34s,1961-08-11T11:00:00 TT,-0.0822944418,0.4933325668,-0.0000157736,-0.0000055191,-0.8891034532,-0.1089284116,-0.0000506410,0.0000011553,15.1106561137,-0.0121898498,-0.0000033630,-0.0000000017,0.5664498490,0.0000031562,-0.0000096859,0.0000000001,0.0201910030,0.0000031404,-0.0000096377,0.0000000001,343.0371066593,15.0029293576,0.0000000000,0.0000000000,0.0046128137,0.0045898315
1962-02-05T00:12:04 UT1,1962-02-05T00:12:38 TT,34s,1962-02-05T00:00:00 TT,-0.1621137677,0.5669516154,-0.0000063619,-0.0000094599,0.1815291769,0.1175175226,0.0001022142,-0.0000018713,-15.9713066645,0.0123382212,0.0000037204,0.0000000032,0.5393908151,-0.0000485782,-0.0000129409,-0.0000000020,-0.0067335392,-0.0000483361,-0.0000128764,-0.0000000020,175.8226308410,15.0005878705,0.0000000000,0.0000000000,0.0047399578,0.0047163422
1962-07-31T12:24:59 UT1,1962-07-31T12:25:33 TT,34s,1962-07-31T12:00:00 TT,-0.2370240375,0.5137447511,-0.0000226710,-0.0000062638,-0.0755236197,-0.0843820954,-0.0001025856,0.0000009573,18.1867447658,-0.0101497489,-0.0000040502,-0.0000000013,0.5586003739,0.0001054912,-0.0000102334,0.0000000025,0.0123806556,0.0001049655,-0.0000101825,0.0000000025,357.7420346016,15.0018452514,0.0000000000,0.0000000000,0.0046049743,0.0045820311
1963-01-25T13:36:36 UT1,1963-01-25T13:37:10 TT,34s,1963-01-25T14:00:00 TT,0.2795946942,0.5463608175,-0.0000142846,-0.0000079413,-0.4536807438,0.0812262884,0.0001574455,-0.0000010835,-18.9205375036,0.0101239773,0.0000046119,0.0000000014,0.5514741358,-0.0001282415,-0.0000117942,-0.0000000037,0.0052895601,-0.0001276025,-0.0000117354,-0.0000000037,26.2512524876,14.9990523938,0.0000000000,0.0000000000,0.0047474545,0.0047238015
1963-07-20T20:35:41 UT1,1963-07-20T20:36:15 TT,34s,1963-07-20T21:00:00 TT,0.2847738736,0.5503047988,-0.0000431983,-0.0000079759,0.6314513856,-0.0562417990,-0.0001639457,0.0000007475,20.5775380339,-0.0077829174,-0.0000046048,-0.0000000010,0.5435408461,0.0001085560,-0.0000114772,0.0000000039,-0.0026038276,0.0001080151,-0.0000114200,0.0000000039,132.7551362150,15.0008399941,0.0000000000,0.0000000000,0.0045992595,0.0045763449
1964-01-14T20:29:27 UT1,1964-01-14T20:30:01 TT,34s,1964-01-14T21:00:00 TT,0.3550301582,0.5175586685,-0.0000100371,-0.0000062902,-1.2111361728,0.0411404747,0.0001968762,-0.0000004012,-21.2666774251,0.0073399927,0.0000054250,-0.0000000000,0.5673875566,-0.0001086851,-0.0000104616,-0.0000000026,0.0211236831,-0.0001081436,-0.0000104095,-0.0000000026,132.0779767170,14.9975944992,0.0000000000,0.0000000000,0.0047524952,0.0047288171
1964-06-10T04:33:33 UT1,1964-06-10T04:34:08 TT,35s,1964-06-10T05:00:00 TT,0.4435192988,0.5753302773,0.0000041649,-0.0000097839,-1.0792215749,0.1000340741,-0.0001015979,-0.0000018431,23.0578253121,0.0027984231,-0.0000056222,0.0000000041,0.5303036545,-0.0000057281,-0.0000128198,0.0000000005,-0.0157750759,-0.0000056995,-0.0000127559,0.0000000005,254.4891373647,14.9993935672,0.0000000000,0.0000000000,0.0046023155,0.0045793857
1964-07-09T11:59:00 UT1,1964-07-09T11:59:35 TT,35s,1964-07-09T12:00:00 TT,0.4561986039,0.5797073556,-0.0000366115,-0.0000096711,1.3465525783,-0.0213018180,-0.0002325498,0.0000002757,22.2577905459,-0.0051671992,-0.0000049865,-0.0000000001,0.5318951663,0.0000378984,-0.0000125982,0.0000000024,-0.0141914787,0.0000377096,-0.0000125355,0.0000000024,358.0364348800,15.0000035400,0.0000000000,0.0000000000,0.0045964247,0.0045735242
1964-12-04T01:31:22 UT1,1964-12-04T01:31:57 TT,35s,1964-12-04T02:00:00 TT,0.4845590164,0.4928987284,0.0000080745,-0.0000055283,1.0364528477,-0.1146310773,0.0001030465,0.0000014219,-22.2960566043,-0.0051982801,0.0000059988,-0.0000000027,0.5731545511,0.0000419635,-0.0000099711,0.0000000013,0.0268619680,0.0000417543,-0.0000099214,0.0000000013,211.7871686326,14.9970613884,0.0000000000,0.0000000000,0.0047436032,0.0047199693
1965-05-30T21:16:55 UT1,1965-05-30T21:17:30 TT,35s,1965-05-30T21:00:00 TT,-0.0579906590,0.5538030969,0.0000527870,-0.0000087969,-0.4505121035,0.1402207920,-0.0001222246,-0.0000023791,21.9110070044,0.0056074057,-0.0000052148,0.0000000050,0.5360962529,-0.0000817119,-0.0000122730,-0.0000000032,-0.0100113547,-0.0000813047,-0.0000122118,-0.0000000032,134.9689978922,14.9999147319,0.0000000000,0.0000000000,0.0046091093,0.0045861456
1965-11-23T04:14:16 UT1,1965-11-23T04:14:52 TT,36s,1965-11-23T04:00:00 TT,-0.0079943410,0.5072407438,0.0000236824,-0.0000065460,0.4121244620,-0.1601201378,0.0001166742,0.0000022296,-20.3929715284,-0.0082369069,0.0000051563,-0.0000000043,0.5601435145,0.0001252214,-0.0000109368,0.0000000033,0.0139157805,0.0001245974,-0.0000108824,0.0000000033,242.7666746459,14.9984078730,0.0000000000,0.0000000000,0.0047339512,0.0047103655
1966-05-20T09:38:25 UT1,1966-05-20T09:39:01 TT,36s,1966-05-20T10:00:00 TT,0.0714878176,0.5128503327,0.0000558753,-0.0000068751,0.3881526488,0.1676177126,-0.0001377465,-0.0000024100,20.0283161626,0.0082389927,-0.0000046104,0.0000000049,0.5505599707,-0.0001286955,-0.0000109840,-0.0000000034,0.0043802777,-0.0001280542,-0.0000109293,-0.0000000034,330.2537735679,15.0006946642,0.0000000000,0.0000000000,0.0046184901,0.0045954796
1966-11-12T14:22:51 UT1,1966-11-12T14:23:28 TT,37s,1966-11-12T14:00:00 TT,-0.3255469479,0.5275295486,0.0000462672,-0.0000081473,-0.2277262129,-0.2046002866,0.0001320622,0.0000033394,-17.7998165401,-0.0107111425,0.0000041418,-0.0000000068,0.5441927428,0.0001120917,-0.0000123112,0.0000000032,-0.0019554902,0.0001115331,-0.0000122499,0.0000000032,33.3331943635,14.9999922052,0.0000000000,0.0000000000,0.0047221959,0.0046986687
1967-05-09T14:42:06 UT1,1967-05-09T14:42:43 TT,37s,1967-05-09T15:00:00 TT,-0.2832120878,0.4757462065,0.0000608484,-0.0000054497,1.1161764650,0.1878327656,-0.0001400239,-0.0000023126,17.4048176255,0.0106228515,-0.0000038682,0.0000000045,0.5644686669,-0.0000736288,-0.0000099318,-0.0000000016,0.0182196487,-0.0000732619,-0.0000098823,-0.0000000016,45.2805999587,15.0016674707,0.0000000000,0.0000000000,0.0046299148,0.0046068474
1967-11-02T05:38:19 UT1,1967-11-02T05:38:57 TT,38s,1967-11-02T06:00:00 TT,-0.2205454803,0.5328488722,0.0000542090,-0.0000089937,-0.9973027592,-0.2375265770,0.0001509556,0.0000042071,-14.6823194414,-0.0126417262,0.0000030706,-0.0000000089,0.5360789944,0.0000038562,-0.0000130512,0.0000000005,-0.0100287819,0.0000038368,-0.0000129862,0.0000000005,273.4907761742,15.0015151905,0.0000000000,0.0000000000,0.0047097079,0.0046862430
1968-03-28T22:59:56 UT1,1968-03-28T23:00:34 TT,38s,1968-03-28T23:00:00 TT,0.4960262400,0.4509322432,-0.0000214498,-0.0000052285,-0.9107331616,0.2480548572,0.0000155864,-0.0000030616,3.4823945844,0.0156220642,-0.0000009848,0.0000000062,0.5656239885,0.0000786817,-0.0000101611,0.0000000023,0.0193690842,0.0000782898,-0.0000101104,0.0000000023,163.1976374736,15.0042385322,0.0000000000,0.0000000000,0.0046812741,0.0046579508
1968-09-22T11:18:03 UT1,1968-09-22T11:18:42 TT,39s,1968-09-22T11:00:00 TT,0.3069053987,0.4866552970,-0.0000015039,-0.0000071093,0.9106510968,-0.2704457992,-0.0000524178,0.0000041222,0.0232191278,-0.0155736802,-0.0000000608,-0.0000000088,0.5448787351,-0.0001029134,-0.0000117687,-0.0000000040,-0.0012727510,-0.0001024008,-0.0000117100,-0.0000000040,346.2681488990,15.0048242220,0.0000000000,0.0000000000,0.0046575685,0.0046343633
1969-03-18T04:54:18 UT1,1969-03-18T04:54:57 TT,39s,1969-03-18T05:00:00 TT,0.1716151381,0.4767462909,-0.0000263867,-0.0000065576,-0.2139066843,0.2654135997,0.0000081790,-0.0000038506,-0.8499070996,0.0158329493,-0.0000000171,0.0000000081,0.5518290806,0.0001157476,-0.0000114003,0.0000000040,0.0056428702,0.0001151710,-0.0000113435,0.0000000039,252.3820421185,15.0041980310,0.0000000000,0.0000000000,0.0046953142,0.0046719210
1969-09-11T19:58:19 UT1,1969-09-11T19:58:59 TT,40s,1969-09-11T20:00:00 TT,0.1138903739,0.4588864769,-0.0000029247,-0.0000055979,0.1886050388,-0.2523497490,-0.0000353774,0.0000032498,4.2274641136,-0.0152875437,-0.0000009788,-0.0000000067,0.5593369358,-0.0000996734,-0.0000104272,-0.0000000030,0.0131134484,-0.0000991769,-0.0000103753,-0.0000000030,120.3096155770,15.0047741346,0.0000000000,0.0000000000,0.0046444908,0.0046213508
1970-03-07T17:37:50 UT1,1970-03-07T17:38:30 TT,40s,1970-03-07T18:00:00 TT,-0.0328698688,0.5052981175,-0.0000219032,-0.0000081546,0.4914436989,0.2752837127,-0.0000016533,-0.0000046474,-5.0679975804,0.0155620419,0.0000009740,0.0000000100,0.5393616665,0.0000603274,-0.0000126992,0.0000000029,-0.0067624615,0.0000600270,-0.0000126359,0.0000000029,86.6674012038,15.0037632170,0.0000000000,0.0000000000,0.0047084243,0.0046849657
1970-08-31T21:54:49 UT1,1970-08-31T21:55:30 TT,41s,1970-08-31T22:00:00 TT,-0.2157915516,0.4474757579,-0.0000110412,-0.0000049295,-0.4925416679,-0.2349619327,-0.0000234304,0.0000027527,8.3926043778,-0.0145199153,-0.0000018843,-0.0000000055,0.5674732061,-0.0000159353,-0.0000097269,-0.0000000005,0.0212092137,-0.0000158560,-0.0000096784,-0.0000000005,149.3785416191,15.0043598959,0.0000000000,0.0000000000,0.0046318012,0.0046087244
1971-02-25T09:37:24 UT1,1971-02-25T09:38:05 TT,41s,1971-02-25T10:00:00 TT,-0.3226386869,0.5176223601,-0.0000033121,-0.0000086596,1.0920549587,0.2660414519,-0.0000059400,-0.0000046685,-9.1092216501,0.0148407943,0.0000019877,0.0000000100,0.5370745149,-0.0000409631,-0.0000130299,-0.0000000008,-0.0090382499,-0.0000407588,-0.0000129650,-0.0000000008,326.1346874557,15.0029172267,0.0000000000,0.0000000000,0.0047208699,0.0046973493
1971-07-22T09:59:00 UT1,1971-07-22T09:59:42 TT,42s,1971-07-22T10:00:00 TT,0.6889882545,0.5050364088,-0.0000830772,-0.0000063848,1.3695420479,-0.1585323001,-0.0001802191,0.0000021768,20.2855116031,-0.0078937770,-0.0000044769,-0.0000000043,0.5544210891,0.0001009194,-0.0000105265,0.0000000032,0.0082222049,0.0001004166,-0.0000104740,0.0000000032,327.8211293404,15.0008697872,0.0000000000,0.0000000000,0.0046002081,0.0045772887
1971-08-20T22:38:56 UT1,1971-08-20T22:39:38 TT,42s,1971-08-20T23:00:00 TT,-0.3914979736,0.4636171150,-0.0000250547,-0.0000053925,-1.2166032263,-0.2235106057,-0.0000106561,0.0000027466,12.2911281731,-0.0132655125,-0.0000027796,-0.0000000055,0.5621971023,0.0000757631,-0.0000100414,0.0000000022,0.0159594264,0.0000753855,-0.0000099914,0.0000000022,163.5995154872,15.0036541133,0.0000000000,0.0000000000,0.0046200196,0.0045970016
1972-01-16T11:02:36 UT1,1972-01-16T11:03:18 TT,42s,1972-01-16T11:00:00 TT,0.2344937994,0.5203779367,-0.0000342779,-0.0000071148,-0.9071872891,0.1527095405,0.0001873668,-0.0000022234,-20.9842671294,0.0074982610,0.0000053354,0.0000000044,0.5563796446,-0.0001210928,-0.0000113763,-0.0000000038,0.0101706173,-0.0001204894,-0.0000113196,-0.0000000038,342.0182824183,14.9977743256,0.0000000000,0.0000000000,0.0047517563,0.0047280818
1972-07-10T19:45:57 UT1,1972-07-10T19:46:40 TT,43s,1972-07-10T20:00:00 TT,0.2835280883,0.5465899914,-0.0000648239,-0.0000082802,0.6383757106,-0.1324832345,-0.0001783852,0.0000021733,22.0926482037,-0.0052426945,-0.0000050590,-0.0000000045,0.5393742000,0.0001022912,-0.0000118544,0.0000000037,-0.0067497085,0.0001017816,-0.0000117953,0.0000000037,118.0696965613,15.0000147283,0.0000000000,0.0000000000,0.0045968480,0.0045739454
1973-01-04T15:45:37 UT1,1973-01-04T15:46:20 TT,43s,1973-01-04T16:00:00 TT,0.1688382907,0.5004759275,-0.0000261897,-0.0000058020,-0.2344443572,0.1063687408,0.0001603215,-0.0000013604,-22.6474724429,0.0043395188,0.0000060905,0.0000000027,0.5711586197,-0.0000811582,-0.0000101902,-0.0000000020,0.0248759530,-0.0000807538,-0.0000101394,-0.0000000020,58.1337284633,14.9966504578,0.0000000000,0.0000000000,0.0047543363,0.0047306490
1973-06-30T11:37:57 UT1,1973-06-30T11:38:41 TT,44s,1973-06-30T12:00:00 TT,0.1914808792,0.5752038804,-0.0000408579,-0.0000097368,-0.1116433277,-0.0962562301,-0.0001576506,0.0000017760,23.1431998068,-0.0024352981,-0.0000054764,-0.0000000039,0.5305022644,0.0000192439,-0.0000127595,0.0000000013,-0.0155774405,0.0000191480,-0.0000126959,0.0000000013,358.5225339170,14.9994503534,0.0000000000,0.0000000000,0.0045962733,0.0045733735
1973-12-24T15:01:59 UT1,1973-12-24T15:02:43 TT,44s,1973-12-24T15:00:00 TT,-0.0742559059,0.4997204403,-0.0000202949,-0.0000055511,0.4110747874,0.0622302429,0.0001393302,-0.0000008031,-23.4089751221,0.0008214185,0.0000064580,0.0000000019,0.5750538345,0.0000269479,-0.0000098948,0.0000000006,0.0287517638,0.0000268136,-0.0000098455,0.0000000006,44.4995229309,14.9961604265,0.0000000000,0.0000000000,0.0047532332,0.0047295514
1974-06-20T04:47:17 UT1,1974-06-20T04:48:02 TT,45s,1974-06-20T05:00:00 TT,0.0415636154,0.5741648205,-0.0000056745,-0.0000094035,-0.8307812389,-0.0508208191,-0.0001205146,0.0000009672,23.4397298076,0.0004634207,-0.0000056891,-0.0000000023,0.5333003955,-0.0000760701,-0.0000124771,-0.0000000024,-0.0127932562,-0.0000756911,-0.0000124149,-0.0000000024,254.0802038691,14.9992176662,0.0000000000,0.0000000000,0.0045986284,0.0045757169
1974-12-13T16:12:33 UT1,1974-12-13T16:13:18 TT,45s,1974-12-13T16:00:00 TT,-0.1541165809,0.5234218435,-0.0000160861,-0.0000065157,1.0749079346,0.0187711512,0.0001146635,-0.0000003216,-23.1800119946,-0.0027194303,0.0000063816,0.0000000012,0.5646636388,0.0001144798,-0.0000106545,0.0000000030,0.0184133471,0.0001139093,-0.0000106014,0.0000000030,60.8874638148,14.9964634424,0.0000000000,0.0000000000,0.0047484416,0.0047247837
1975-05-11T07:16:41 UT1,1975-05-11T07:17:27 TT,46s,1975-05-11T07:00:00 TT,-0.3345304087,0.5223207310,0.0000495890,-0.0000066952,1.0226162227,0.0905736438,-0.0001510902,-0.0000011107,17.8285441061,0.0105235826,-0.0000039592,0.0000000017,0.5555090842,-0.0001084048,-0.0000106238,-0.0000000033,0.0093047096,-0.0001078645,-0.0000105709,-0.0000000033,285.3661926394,15.0016225118,0.0000000000,0.0000000000,0.0046279924,0.0046049346
1975-11-03T13:15:11 UT1,1975-11-03T13:15:57 TT,46s,1975-11-03T13:00:00 TT,-0.3726007245,0.5597168937,0.0000309406,-0.0000090821,-0.9666376794,-0.1256033391,0.0001581784,0.0000019378,-15.0721190244,-0.0127047286,0.0000031706,-0.0000000034,0.5402817878,0.0000892002,-0.0000126186,0.0000000026,-0.0058469319,0.0000887556,-0.0000125557,0.0000000026,18.5693178811,15.0014119713,0.0000000000,0.0000000000,0.0047113040,0.0046878311
1976-04-29T10:23:31 UT1,1976-04-29T10:24:18 TT,47s,1976-04-29T10:00:00 TT,-0.2746320189,0.4944631618,0.0000348609,-0.0000055863,0.2843086612,0.1117370737,-0.0000936194,-0.0000012007,14.6709001265,0.0125666177,-0.0000032721,0.0000000018,0.5672917001,-0.0000341120,-0.0000097941,-0.0000000010,0.0210285893,-0.0000339419,-0.0000097453,-0.0000000010,330.1477225590,15.0026149113,0.0000000000,0.0000000000,0.0046408332,0.0046177114
1976-10-23T05:12:58 UT1,1976-10-23T05:13:45 TT,47s,1976-10-23T05:00:00 TT,-0.2130969151,0.5634422394,0.0000341339,-0.0000095826,-0.2817347017,-0.1496648481,0.0000909733,0.0000024603,-11.5589542475,-0.0141930857,0.0000023078,-0.0000000046,0.5356528949,-0.0000106398,-0.0000130104,-0.0000000010,-0.0104527282,-0.0000105869,-0.0000129456,-0.0000000010,258.3975572944,15.0027971227,0.0000000000,0.0000000000,0.0046978726,0.0046744666
1977-04-18T10:30:42 UT1,1977-04-18T10:31:30 TT,48s,1977-04-18T11:00:00 TT,0.3379500239,0.4927538647,-0.0000037485,-0.0000056736,-0.3221732598,0.1328022287,-0.0000510950,-0.0000014659,10.9836388486,0.0141643493,-0.0000024888,0.0000000024,0.5663309506,0.0000501160,-0.0000099485,0.0000000019,0.0200725917,0.0000498664,-0.0000098989,0.0000000018,344.6599262104,15.0035141623,0.0000000000,0.0000000000,0.0046545897,0.0046313994
1977-10-12T20:26:38 UT1,1977-10-12T20:27:26 TT,48s,1977-10-12T20:00:00 TT,-0.1379093464,0.5403062431,0.0000337372,-0.0000083010,0.4412383717,-0.1606666800,0.0000186747,0.0000023826,-7.7057707788,-0.0152012522,0.0000014935,-0.0000000045,0.5432154246,-0.0000897161,-0.0000121266,-0.0000000039,-0.0029278418,-0.0000892692,-0.0000120662,-0.0000000039,122.8937265758,15.0038497534,0.0000000000,0.0000000000,0.0046841063,0.0046607689
1978-04-07T15:03:04 UT1,1978-04-07T15:03:53 TT,49s,1978-04-07T15:00:00 TT,0.2880413601,0.5149453307,-0.0000171351,-0.0000068966,-1.0705715191,0.1555568238,0.0000028208,-0.0000020334,6.9659289811,0.0152624057,-0.0000017148,0.0000000038,0.5538634008,0.0001174245,-0.0000110335,0.0000000037,0.0076671229,0.0001168396,-0.0000109785,0.0000000037,43.9667817361,15.0041720068,0.0000000000,0.0000000000,0.0046685859,0.0046453258
1978-10-02T06:27:47 UT1,1978-10-02T06:28:36 TT,49s,1978-10-02T06:00:00 TT,0.1102467195,0.5053487199,0.0000150211,-0.0000064957,1.1839309670,-0.1607303827,-0.0000387071,0.0000019794,-3.5696385369,-0.0157502630,0.0000006773,-0.0000000036,0.5575633453,-0.0000992174,-0.0000107297,-0.0000000035,0.0113486294,-0.0000987232,-0.0000106762,-0.0000000035,272.1348954678,15.0045339109,0.0000000000,0.0000000000,0.0046701462,0.0046468784
1979-02-26T16:54:17 UT1,1979-02-26T16:55:07 TT,50s,1979-02-26T17:00:00 TT,-0.2066836319,0.5569020247,-0.0000097412,-0.0000093485,0.8752909786,0.1629501927,0.0000032679,-0.0000026424,-8.6473359040,0.0152050139,0.0000018428,0.0000000051,0.5377886129,0.0000416009,-0.0000129471,0.0000000019,-0.0083277063,0.0000413937,-0.0000128826,0.0000000019,71.2661237579,15.0031331124,0.0000000000,0.0000000000,0.0047195341,0.0046960202
1979-08-22T17:21:48 UT1,1979-08-22T17:22:38 TT,50s,1979-08-22T17:00:00 TT,-0.4298868635,0.4885241766,-0.0000028087,-0.0000054667,-0.8827564892,-0.1288072948,-0.0000287713,0.0000013779,11.7219267175,-0.0137161352,-0.0000026079,-0.0000000022,0.5669571665,0.0000216503,-0.0000097028,0.0000000001,0.0206957699,0.0000215423,-0.0000096545,0.0000000001,73.7793386596,15.0038453061,0.0000000000,0.0000000000,0.0046219862,0.0045989583
1980-02-16T08:53:10 UT1,1980-02-16T08:54:01 TT,51s,1980-02-16T09:00:00 TT,0.0007829815,0.5602640498,-0.0000120695,-0.0000093117,0.2297874339,0.1431489471,0.0000728441,-0.0000022938,-12.4696620617,0.0140483027,0.0000027157,0.0000000042,0.5392355061,-0.0000618719,-0.0000128850,-0.0000000020,-0.0068880505,-0.0000615636,-0.0000128208,-0.0000000020,310.9744341675,15.0019825430,0.0000000000,0.0000000000,0.0047306706,0.0047071012
1980-08-10T19:11:30 UT1,1980-08-10T19:12:21 TT,51s,1980-08-10T19:00:00 TT,-0.1458088831,0.5102239699,-0.0000276946,-0.0000062722,-0.1642668179,-0.1111464105,-0.0000777117,0.0000012965,15.2684822213,-0.0120922025,-0.0000033386,-0.0000000021,0.5582583822,0.0001054401,-0.0000103051,0.0000000027,0.0120403500,0.0001049146,-0.0000102537,0.0000000026,103.2107105402,15.0029184249,0.0000000000,0.0000000000,0.0046120708,0.0045890923
1981-02-04T22:08:31 UT1,1981-02-04T22:09:22 TT,51s,1981-02-04T22:00:00 TT,0.0141002541,0.5391300933,-0.0000054739,-0.0000077525,-0.4911670316,0.1120768486,0.0001346215,-0.0000015190,-15.9543983968,0.0123580353,0.0000036362,0.0000000023,0.5519288442,-0.0001172887,-0.0000117016,-0.0000000039,0.0057420213,-0.0001167042,-0.0000116433,-0.0000000039,146.0139047149,15.0005252954,0.0000000000,0.0000000000,0.0047403285,0.0047167109
1981-07-31T03:45:46 UT1,1981-07-31T03:46:38 TT,52s,1981-07-31T04:00:00 TT,0.2160833752,0.5478014396,-0.0000455083,-0.0000080275,0.5514424094,-0.0899973581,-0.0001405824,0.0000012532,18.2354430081,-0.0100917314,-0.0000039734,-0.0000000020,0.5429006139,0.0001115367,-0.0000115727,0.0000000038,-0.0032408824,0.0001109809,-0.0000115151,0.0000000038,237.9362997161,15.0019089598,0.0000000000,0.0000000000,0.0046042088,0.0045812695
1982-01-25T04:41:54 UT1,1982-01-25T04:42:46 TT,52s,1982-01-25T05:00:00 TT,0.3268351365,0.5121926345,-0.0000169737,-0.0000061754,-1.1960634473,0.0761250905,0.0001767759,-0.0000008283,-18.9775323292,0.0100752586,0.0000045858,0.0000000008,0.5678210887,-0.0001015673,-0.0000104003,-0.0000000025,0.0215550666,-0.0001010612,-0.0000103485,-0.0000000025,251.4544941087,14.9989344891,0.0000000000,0.0000000000,0.0047480893,0.0047244331
1982-06-21T12:03:40 UT1,1982-06-21T12:04:33 TT,53s,1982-06-21T12:00:00 TT,0.0710373818,0.5813727649,0.0000122056,-0.0000099023,-1.2088947771,0.0555493674,-0.0000991664,-0.0000010734,23.4444021383,-0.0001441937,-0.0000057376,0.0000000026,0.5300551944,0.0000013144,-0.0000128124,-0.0000000000,-0.0160222876,0.0000013079,-0.0000127486,-0.0000000000,359.0970845393,14.9992404753,0.0000000000,0.0000000000,0.0045981219,0.0045752129
1982-07-20T18:43:55 UT1,1982-07-20T18:44:48 TT,53s,1982-07-20T19:00:00 TT,0.2819834715,0.5777904199,-0.0000369624,-0.0000096919,1.2660094100,-0.0609488704,-0.0002127178,0.0000009455,20.5656392503,-0.0077817234,-0.0000044858,-0.0000000014,0.5316207648,0.0000438635,-0.0000126492,0.0000000019,-0.0144645192,0.0000436449,-0.0000125861,0.0000000019,102.9452521625,15.0009118220,0.0000000000,0.0000000000,0.0045989097,0.0045759968
1982-12-15T09:31:19 UT1,1982-12-15T09:32:12 TT,53s,1982-12-15T10:00:00 TT,0.4000710767,0.5010874399,0.0000004740,-0.0000056559,1.0819464646,-0.0750367113,0.0001116470,0.0000009681,-23.2770342264,-0.0019423543,0.0000064405,-0.0000000020,0.5731721846,0.0000462758,-0.0000100066,0.0000000015,0.0268794975,0.0000460452,-0.0000099568,0.0000000015,330.7623873606,14.9963184851,0.0000000000,0.0000000000,0.0047498034,0.0047261387
1983-06-11T04:42:39 UT1,1983-06-11T04:43:32 TT,53s,1983-06-11T05:00:00 TT,0.2394332919,0.5611434275,0.0000300078,-0.0000088675,-0.4602537625,0.0985765745,-0.0001342166,-0.0000016902,23.0633434801,0.0027652862,-0.0000055477,0.0000000037,0.5363604487,-0.0000992525,-0.0000121965,-0.0000000031,-0.0097484588,-0.0000987579,-0.0000121357,-0.0000000031,254.6686272082,14.9993513769,0.0000000000,0.0000000000,0.0046025642,0.0045796331
1983-12-04T12:30:22 UT1,1983-12-04T12:31:16 TT,54s,1983-12-04T13:00:00 TT,0.3412347152,0.5191703947,0.0000039090,-0.0000067666,0.3318540189,-0.1227594358,0.0001374901,0.0000017469,-22.2366845106,-0.0053025230,0.0000058887,-0.0000000034,0.5599344521,0.0001101721,-0.0000110124,0.0000000036,0.0137077368,0.0001096231,-0.0000109576,0.0000000036,17.0182820360,14.9971704663,0.0000000000,0.0000000000,0.0047428395,0.0047192095
1984-05-30T16:44:47 UT1,1984-05-30T16:45:41 TT,54s,1984-05-30T17:00:00 TT,0.0564831747,0.5211005820,0.0000512220,-0.0000069259,0.2985813905,0.1321841792,-0.0001509220,-0.0000019055,21.9022709622,0.0056342065,-0.0000051448,0.0000000039,0.5509888260,-0.0001246631,-0.0000108878,-0.0000000034,0.0048070186,-0.0001240419,-0.0000108336,-0.0000000034,75.1520586122,14.9998359945,0.0000000000,0.0000000000,0.0046096395,0.0045866732
1984-11-22T22:53:23 UT1,1984-11-22T22:54:17 TT,54s,1984-11-22T23:00:00 TT,-0.0428054762,0.5408468594,0.0000326365,-0.0000084266,-0.3149201668,-0.1708694277,0.0001595877,0.0000028293,-20.3716107961,-0.0082317919,0.0000050433,-0.0000000058,0.5441979971,0.0000965724,-0.0000123935,0.0000000034,-0.0019502905,0.0000960912,-0.0000123317,0.0000000033,167.9644889074,14.9985063632,0.0000000000,0.0000000000,0.0047332568,0.0047096746
1985-05-19T21:28:40 UT1,1985-05-19T21:29:35 TT,55s,1985-05-19T21:00:00 TT,-0.5742029390,0.4850384902,0.0000691844,-0.0000055366,0.9396337729,0.1595643225,-0.0001527476,-0.0000019729,19.9395049722,0.0083536071,-0.0000045493,0.0000000039,0.5643665907,-0.0000522489,-0.0000098756,-0.0000000016,0.0181181077,-0.0000519885,-0.0000098264,-0.0000000016,135.4429474491,15.0006651119,0.0000000000,0.0000000000,0.0046192991,0.0045962846
1985-11-12T14:10:32 UT1,1985-11-12T14:11:27 TT,55s,1985-11-12T14:00:00 TT,-0.4553175244,0.5445810612,0.0000708985,-0.0000092133,-0.8743279148,-0.2093901497,0.0001704461,0.0000037368,-17.8305959407,-0.0106708266,0.0000040597,-0.0000000078,0.5366790643,0.0000121387,-0.0000130842,-0.0000000000,-0.0094317332,0.0000120781,-0.0000130190,-0.0000000000,33.5194063248,15.0000176438,0.0000000000,0.0000000000,0.0047220151,0.0046984888
1986-04-09T06:20:32 UT1,1986-04-09T06:21:27 TT,55s,1986-04-09T06:00:00 TT,0.3429920557,0.4564074128,-0.0000059942,-0.0000053444,-1.0427038703,0.2411635505,-0.0000003501,-0.0000030075,7.5557917887,0.0149218308,-0.0000018359,0.0000000061,0.5640396679,0.0000899353,-0.0000101946,0.0000000024,0.0177926932,0.0000894873,-0.0000101438,0.0000000023,269.1567756467,15.0039624448,0.0000000000,0.0000000000,0.0046670600,0.0046438075
1986-10-03T19:05:15 UT1,1986-10-03T19:06:10 TT,55s,1986-10-03T19:00:00 TT,0.4264020884,0.4864578551,0.0000060456,-0.0000070348,0.8987074523,-0.2664526446,-0.0000291284,0.0000040245,-4.1443311338,-0.0154479674,0.0000007850,-0.0000000085,0.5464895393,-0.0001097294,-0.0000117175,-0.0000000040,0.0003299922,-0.0001091828,-0.0000116591,-0.0000000040,107.3418604763,15.0044069792,0.0000000000,0.0000000000,0.0046715863,0.0046483113
1987-03-29T12:48:52 UT1,1987-03-29T12:49:47 TT,55s,1987-03-29T13:00:00 TT,0.2290862544,0.4796206092,-0.0000163436,-0.0000066698,-0.2223156662,0.2645303375,-0.0000137101,-0.0000038772,3.3682538070,0.0155959825,-0.0000008890,0.0000000082,0.5501558853,0.0001130185,-0.0000114540,0.0000000040,0.0039780468,0.0001124555,-0.0000113969,0.0000000040,13.3683801973,15.0043043005,0.0000000000,0.0000000000,0.0046813481,0.0046580245
1987-09-23T03:11:26 UT1,1987-09-23T03:12:22 TT,56s,1987-09-23T03:00:00 TT,0.0419981836,0.4556049496,0.0000105646,-0.0000054968,0.2957313247,-0.2543444767,-0.0000186179,0.0000032413,0.1033354237,-0.0156066694,-0.0000001592,-0.0000000067,0.5609691527,-0.0000916648,-0.0000103808,-0.0000000029,0.0147374999,-0.0000912082,-0.0000103291,-0.0000000029,226.4418203837,15.0047579283,0.0000000000,0.0000000000,0.0046576773,0.0046344716
1988-03-18T01:58:01 UT1,1988-03-18T01:58:57 TT,56s,1988-03-18T02:00:00 TT,-0.1946836608,0.5039594927,-0.0000001724,-0.0000081864,0.3709320663,0.2803443869,-0.0000195800,-0.0000047588,-0.8504126432,0.0157969620,0.0000000509,0.0000000103,0.5381436607,0.0000640113,-0.0000127234,0.0000000026,-0.0079743647,0.0000636925,-0.0000126600,0.0000000026,207.5784376145,15.0042591279,0.0000000000,0.0000000000,0.0046950100,0.0046716183
1988-09-11T04:43:32 UT1,1988-09-11T04:44:28 TT,56s,1988-09-11T05:00:00 TT,-0.1109407914,0.4425578264,-0.0000054725,-0.0000048598,-0.4731623986,-0.2431859080,-0.0000038670,0.0000028377,4.4170738477,-0.0152802467,-0.0000010935,-0.0000000057,0.5683800893,-0.0000129914,-0.0000097337,-0.0000000003,0.0221115479,-0.0000129268,-0.0000096852,-0.0000000003,255.4605451108,15.0047301701,0.0000000000,0.0000000000,0.0046439958,0.0046208583
1989-03-07T18:07:43 UT1,1989-03-07T18:08:39 TT,56s,1989-03-07T18:00:00 TT,-0.5969180504,0.5114649408,0.0000234634,-0.0000085281,0.9255786599,0.2769991573,-0.0000219603,-0.0000048385,-5.0194119174,0.0155624587,0.0000010117,0.0000000105,0.5366308829,-0.0000333605,-0.0000129784,-0.0000000013,-0.0094796392,-0.0000331941,-0.0000129137,-0.0000000012,86.8740370529,15.0037852115,0.0000000000,0.0000000000,0.0047082187,0.0046847611
1989-08-31T05:30:56 UT1,1989-08-31T05:31:53 TT,57s,1989-08-31T06:00:00 TT,-0.3360627217,0.4575361887,-0.0000192088,-0.0000053518,-1.1699210285,-0.2384612336,0.0000088888,0.0000029410,8.5867733548,-0.0144589817,-0.0000020022,-0.0000000060,0.5622257711,0.0000782360,-0.0000101070,0.0000000023,0.0159879251,0.0000778461,-0.0000100567,0.0000000023,269.5325391142,15.0043572172,0.0000000000,0.0000000000,0.0046309169,0.0046078445
1990-01-26T19:30:22 UT1,1990-01-26T19:31:19 TT,57s,1990-01-26T20:00:00 TT,0.5684057601,0.5072744081,-0.0000506183,-0.0000068625,-0.7985069394,0.1868338039,0.0001610716,-0.0000026771,-18.5839269123,0.0101769347,0.0000044814,0.0000000053,0.5568505837,-0.0001335570,-0.0000113010,-0.0000000036,0.0106392228,-0.0001328915,-0.0000112447,-0.0000000036,116.4652254654,14.9991353433,0.0000000000,0.0000000000,0.0047468192,0.0047231694
1990-07-22T03:02:13 UT1,1990-07-22T03:03:10 TT,57s,1990-07-22T03:00:00 TT,0.2005562344,0.5381408839,-0.0000666718,-0.0000082211,0.7333554423,-0.1697441006,-0.0001661575,0.0000027725,20.3165027364,-0.0078298284,-0.0000045198,-0.0000000057,0.5386945198,0.0001063620,-0.0000119417,0.0000000035,-0.0074260097,0.0001058320,-0.0000118822,0.0000000035,223.0178801313,15.0009332673,0.0000000000,0.0000000000,0.0045997897,0.0045768724
1991-01-15T23:52:53 UT1,1991-01-15T23:53:51 TT,58s,1991-01-16T00:00:00 TT,0.1268961038,0.4899879416,-0.0000328466,-0.0000056295,-0.2470278312,0.1436508712,0.0001454779,-0.0000017921,-21.0470013867,0.0074249874,0.0000054628,0.0000000034,0.5715715738,-0.0000750695,-0.0000101464,-0.0000000019,0.0252868550,-0.0000746954,-0.0000100958,-0.0000000019,177.2551409739,14.9976603079,0.0000000000,0.0000000000,0.0047522682,0.0047285912
1991-07-11T19:06:03 UT1,1991-07-11T19:07:01 TT,58s,1991-07-11T19:00:00 TT,-0.0672505887,0.5670225440,-0.0000367243,-0.0000096090,0.0121834085,-0.1384498015,-0.0001527501,0.0000025053,22.0800463493,-0.0052518413,-0.0000051157,-0.0000000053,0.5303271240,0.0000254861,-0.0000127821,0.0000000007,-0.0157517093,0.0000253591,-0.0000127184,0.0000000007,103.2658945267,15.0000711037,0.0000000000,0.0000000000,0.0045967010,0.0045737991
1992-01-04T23:04:39 UT1,1992-01-04T23:05:37 TT,58s,1992-01-04T23:00:00 TT,-0.1295440068,0.4933975831,-0.0000302836,-0.0000054793,0.3908876346,0.1026619241,0.0001319516,-0.0000012682,-22.7097174693,0.0041656528,0.0000061853,0.0000000025,0.5749202842,0.0000323553,-0.0000099109,0.0000000008,0.0286188761,0.0000321941,-0.0000098615,0.0000000008,163.4050515454,14.9965947315,0.0000000000,0.0000000000,0.0047542980,0.0047306108
1992-06-30T12:10:21 UT1,1992-06-30T12:11:20 TT,59s,1992-06-30T12:00:00 TT,-0.2309687574,0.5673082624,-0.0000036384,-0.0000092098,-0.7230684050,-0.0945255820,-0.0001227249,0.0000016814,23.1339005263,-0.0024751609,-0.0000055558,-0.0000000037,0.5337668162,-0.0000709719,-0.0000124126,-0.0000000028,-0.0123291539,-0.0000706183,-0.0000123508,-0.0000000028,358.7189961078,14.9994358144,0.0000000000,0.0000000000,0.0045964576,0.0045735569
1992-12-24T00:30:48 UT1,1992-12-24T00:31:47 TT,59s,1992-12-24T01:00:00 TT,0.1196934029,0.5215609084,-0.0000395660,-0.0000065272,1.0928591519,0.0621094067,0.0001140505,-0.0000008845,-23.4178963522,0.0006735539,0.0000065215,0.0000000021,0.5642294360,0.0001013641,-0.0000107156,0.0000000033,0.0179812969,0.0001008591,-0.0000106622,0.0000000033,194.7585203810,14.9962166414,0.0000000000,0.0000000000,0.0047525749,0.0047288963
1993-05-21T14:19:09 UT1,1993-05-21T14:20:08 TT,59s,1993-05-21T14:00:00 TT,-0.3034894326,0.5251449549,0.0000430100,-0.0000066687,1.1103431891,0.0588105379,-0.0001739976,-0.0000006930,20.2771223617,0.0081991730,-0.0000045997,0.0000000008,0.5557606568,-0.0001045142,-0.0000105346,-0.0000000032,0.0095550551,-0.0001039934,-0.0000104822,-0.0000000032,30.5118895618,15.0006134530,0.0000000000,0.0000000000,0.0046175583,0.0045945525
1993-11-13T21:44:55 UT1,1993-11-13T21:45:55 TT,60s,1993-11-13T22:00:00 TT,-0.0389638791,0.5668092905,0.0000135744,-0.0000092460,-1.0491906855,-0.0952053770,0.0001880309,0.0000014466,-18.1703771508,-0.0106688064,0.0000041358,-0.0000000022,0.5404743919,0.0000720223,-0.0000126929,0.0000000027,-0.0056553190,0.0000716633,-0.0000126297,0.0000000027,153.5606687769,14.9998866549,0.0000000000,0.0000000000,0.0047236270,0.0047000927
1994-05-10T17:11:26 UT1,1994-05-10T17:12:26 TT,60s,1994-05-10T17:00:00 TT,-0.1732595308,0.4990993304,0.0000297322,-0.0000056279,0.3837218815,0.0867316715,-0.0001183762,-0.0000009134,17.7090825936,0.0106262859,-0.0000040043,0.0000000012,0.5668108288,-0.0000315954,-0.0000097577,-0.0000000008,0.0205501440,-0.0000314378,-0.0000097091,-0.0000000008,75.5725307764,15.0016106916,0.0000000000,0.0000000000,0.0046288665,0.0046058044
1994-11-03T13:39:05 UT1,1994-11-03T13:40:06 TT,61s,1994-11-03T14:00:00 TT,0.1126708634,0.5688222474,0.0000210010,-0.0000096593,-0.3855348342,-0.1256037098,0.0001233714,0.0000020453,-15.1253591800,-0.0126740905,0.0000032715,-0.0000000036,0.5365072852,-0.0000310583,-0.0000130251,-0.0000000009,-0.0096026292,-0.0000309037,-0.0000129602,-0.0000000009,33.7748620499,15.0014109564,0.0000000000,0.0000000000,0.0047113811,0.0046879078
1995-04-29T17:32:20 UT1,1995-04-29T17:33:21 TT,61s,1995-04-29T18:00:00 TT,0.2969352896,0.4988038447,-0.0000005145,-0.0000057841,-0.2791024096,0.1138784932,-0.0000749684,-0.0000012548,14.5054681575,0.0126493238,-0.0000032751,0.0000000019,0.5649651245,0.0000559973,-0.0000099705,0.0000000020,0.0187136040,0.0000557184,-0.0000099209,0.0000000020,90.3332152041,15.0026738143,0.0000000000,0.0000000000,0.0046413456,0.0046182212
1995-10-24T04:32:28 UT1,1995-10-24T04:33:29 TT,61s,1995-10-24T05:00:00 TT,0.3299745268,0.5430774078,0.0000184213,-0.0000082848,0.2764080715,-0.1440149955,0.0000525110,0.0000021113,-11.6035705744,-0.0141893121,0.0000024128,-0.0000000038,0.5446601614,-0.0001145554,-0.0000120914,-0.0000000036,-0.0014903394,-0.0001139848,-0.0000120311,-0.0000000036,258.6106697435,15.0027327662,0.0000000000,0.0000000000,0.0046983603,0.0046749519
1996-04-17T22:37:16 UT1,1996-04-17T22:38:18 TT,62s,1996-04-17T23:00:00 TT,0.4679103693,0.5209614751,-0.0000191396,-0.0000070480,-0.9689352947,0.1422174607,-0.0000245164,-0.0000018709,10.8574692091,0.0141857188,-0.0000025235,0.0000000034,0.5521796557,0.0001085999,-0.0000110838,0.0000000039,0.0059918024,0.0001080590,-0.0000110286,0.0000000039,164.8392194791,15.0036078240,0.0000000000,0.0000000000,0.0046544615,0.0046312718
1996-10-12T14:01:56 UT1,1996-10-12T14:02:58 TT,62s,1996-10-12T14:00:00 TT,0.2960849504,0.5060467934,0.0000147796,-0.0000064411,1.0832447418,-0.1514869344,-0.0000101768,0.0000018442,-7.6593353071,-0.0152311927,0.0000015512,-0.0000000032,0.5592484451,-0.0001064094,-0.0000106859,-0.0000000033,0.0130252969,-0.0001058794,-0.0000106327,-0.0000000033,33.0991809794,15.0037771887,0.0000000000,0.0000000000,0.0046845937,0.0046612539
1997-03-09T01:23:50 UT1,1997-03-09T01:24:52 TT,62s,1997-03-09T01:00:00 TT,-0.5051137126,0.5542902949,0.0000136804,-0.0000093450,0.8037608691,0.1744133852,-0.0000203847,-0.0000028474,-4.5330218815,0.0158656834,0.0000008898,0.0000000056,0.5368009662,0.0000488531,-0.0000129523,0.0000000014,-0.0093103996,0.0000486098,-0.0000128878,0.0000000014,192.0334742931,15.0039655803,0.0000000000,0.0000000000,0.0047067979,0.0046833474
1997-09-02T00:03:47 UT1,1997-09-02T00:04:50 TT,63s,1997-09-02T00:00:00 TT,-0.3320252949,0.4846166888,-0.0000023613,-0.0000054262,-0.9813580292,-0.1431225546,-0.0000031133,0.0000015391,7.9705260594,-0.0148428108,-0.0000018436,-0.0000000026,0.5675381048,0.0000226115,-0.0000097254,0.0000000004,0.0212737862,0.0000224988,-0.0000096769,0.0000000004,179.7543976411,15.0045088291,0.0000000000,0.0000000000,0.0046329682,0.0046098856
1998-02-26T17:28:23 UT1,1998-02-26T17:29:26 TT,63s,1998-02-26T17:00:00 TT,-0.3388653226,0.5544766699,0.0000105748,-0.0000091646,0.1504619567,0.1611973107,0.0000494510,-0.0000025796,-8.5979906110,0.0152197948,0.0000017189,0.0000000049,0.5390680358,-0.0000518263,-0.0000128158,-0.0000000025,-0.0070546580,-0.0000515680,-0.0000127520,-0.0000000025,71.4845967035,15.0031361560,0.0000000000,0.0000000000,0.0047196017,0.0046960874
1998-08-22T02:06:08 UT1,1998-08-22T02:07:11 TT,63s,1998-08-22T02:00:00 TT,-0.1274598215,0.5067578633,-0.0000267667,-0.0000062838,-0.2399864746,-0.1324206145,-0.0000519987,0.0000015716,11.8846336655,-0.0136416309,-0.0000025894,-0.0000000027,0.5579980472,0.0001077095,-0.0000103825,0.0000000028,0.0117812896,0.0001071728,-0.0000103307,0.0000000028,208.9559771505,15.0038533981,0.0000000000,0.0000000000,0.0046210275,0.0045980043
1999-02-16T06:33:33 UT1,1999-02-16T06:34:37 TT,64s,1999-02-16T07:00:00 TT,0.3419982410,0.5318072968,-0.0000179900,-0.0000075872,-0.4002957836,0.1361844991,0.0001049935,-0.0000018554,-12.4535563863,0.0140696008,0.0000026342,0.0000000031,0.5521545140,-0.0001320998,-0.0000116174,-0.0000000036,0.0059665901,-0.0001314415,-0.0000115595,-0.0000000036,281.1943500431,15.0019146751,0.0000000000,0.0000000000,0.0047312818,0.0047077093
1999-08-11T11:03:07 UT1,1999-08-11T11:04:11 TT,64s,1999-08-11T11:00:00 TT,0.0700865584,0.5442931889,-0.0000403821,-0.0000080641,0.5028358115,-0.1185412425,-0.0001158089,0.0000016900,15.3240301713,-0.0120382822,-0.0000032603,-0.0000000030,0.5423767554,0.0001170137,-0.0000116715,0.0000000037,-0.0037621480,0.0001164306,-0.0000116134,0.0000000037,343.4098324695,15.0029877934,0.0000000000,0.0000000000,0.0046110247,0.0045880514
2000-02-05T12:49:17 UT1,2000-02-05T12:50:21 TT,64s,2000-02-05T13:00:00 TT,0.3296205806,0.5056799806,-0.0000205124,-0.0000060498,-1.1808719531,0.1052368474,0.0001530057,-0.0000011756,-16.0271773793,0.0123258424,0.0000036169,0.0000000015,0.5680804070,-0.0000959873,-0.0000103384,-0.0000000024,0.0218131104,-0.0000955090,-0.0000102869,-0.0000000024,11.2391441334,15.0004034029,0.0000000000,0.0000000000,0.0047413296,0.0047177071
2000-07-01T19:59:00 UT1,2000-07-01T20:00:04 TT,64s,2000-07-01T20:00:00 TT,0.2806951809,0.5838544735,-0.0000101213,-0.0000099505,-1.2772406927,0.0105960186,-0.0000923054,-0.0000002896,23.0452772431,-0.0030847389,-0.0000055944,0.0000000011,0.5299706050,-0.0000178684,-0.0000128048,-0.0000000000,-0.0161064509,-0.0000177793,-0.0000127410,-0.0000000000,118.7454519399,14.9995361304,0.0000000000,0.0000000000,0.0045962331,0.0045733336
2000-07-31T02:13:06 UT1,2000-07-31T02:14:10 TT,64s,2000-07-31T02:00:00 TT,0.0657833916,0.5737791367,-0.0000311754,-0.0000096694,1.2225506766,-0.0959677735,-0.0001900685,0.0000015406,18.2189488526,-0.0100865806,-0.0000038501,-0.0000000027,0.5315080780,0.0000508716,-0.0000126997,0.0000000014,-0.0145766565,0.0000506181,-0.0000126364,0.0000000014,208.1446878232,15.0019823115,0.0000000000,0.0000000000,0.0046036332,0.0045806968
2000-12-25T17:34:56 UT1,2000-12-25T17:36:00 TT,64s,2000-12-25T18:00:00 TT,0.2783682453,0.5063123901,-0.0000082090,-0.0000057508,1.1207120233,-0.0335709148,0.0001119739,0.0000004874,-23.3733546867,0.0014481737,0.0000065116,-0.0000000014,0.5729872429,0.0000515686,-0.0000100415,0.0000000016,0.0266954682,0.0000513117,-0.0000099914,0.0000000016,89.6482033372,14.9961986085,0.0000000000,0.0000000000,0.0047533552,0.0047296728
2001-06-21T12:03:41 UT1,2001-06-21T12:04:45 TT,64s,2001-06-21T12:00:00 TT,0.0103819243,0.5653820421,0.0000294965,-0.0000088615,-0.5718302132,0.0551694174,-0.0001339082,-0.0000009816,23.4402378376,-0.0001800492,-0.0000056555,0.0000000024,0.5368823573,-0.0000940776,-0.0000121134,-0.0000000034,-0.0092291404,-0.0000936088,-0.0000120530,-0.0000000034,359.3073340047,14.9991971359,0.0000000000,0.0000000000,0.0045985510,0.0045756399
2001-12-14T20:51:58 UT1,2001-12-14T20:53:02 TT,64s,2001-12-14T21:00:00 TT,0.1237015095,0.5289320807,0.0000017630,-0.0000069803,0.3946311423,-0.0813686241,0.0001454331,0.0000012064,-23.2509453959,-0.0020604127,0.0000063443,-0.0000000026,0.5594296810,0.0001187036,-0.0000110957,0.0000000036,0.0132054651,0.0001181122,-0.0000110404,0.0000000036,136.0322217297,14.9964156154,0.0000000000,0.0000000000,0.0047488481,0.0047251881
2002-06-10T23:44:18 UT1,2002-06-10T23:45:22 TT,64s,2002-06-11T00:00:00 TT,0.0938631623,0.5274384543,0.0000405646,-0.0000069499,0.2190326415,0.0932830806,-0.0001593416,-0.0000013618,23.0532866307,0.0028010281,-0.0000054872,0.0000000029,0.5515611039,-0.0001228288,-0.0000107981,-0.0000000034,0.0053764607,-0.0001222168,-0.0000107443,-0.0000000034,179.8943409974,14.9992647317,0.0000000000,0.0000000000,0.0046034578,0.0045805222
2002-12-04T07:31:12 UT1,2002-12-04T07:32:16 TT,64s,2002-12-04T08:00:00 TT,0.1860531941,0.5532229926,0.0000157698,-0.0000086956,-0.3544985987,-0.1310295028,0.0001806248,0.0000022107,-22.2216909599,-0.0053050893,0.0000057748,-0.0000000046,0.5440730416,0.0000836161,-0.0000124694,0.0000000035,-0.0020746453,0.0000831994,-0.0000124073,0.0000000034,302.2481728280,14.9972761546,0.0000000000,0.0000000000,0.0047417665,0.0047181418
2003-05-31T04:08:15 UT1,2003-05-31T04:09:20 TT,65s,2003-05-31T04:00:00 TT,-0.3241104953,0.4938693912,0.0000547473,-0.0000056292,0.9451252551,0.1264535656,-0.0001690160,-0.0000015785,21.8391621341,0.0057561941,-0.0000050843,0.0000000031,0.5642839016,-0.0000527367,-0.0000098307,-0.0000000014,0.0180358523,-0.0000524739,-0.0000097817,-0.0000000014,240.3852259814,14.9997930568,0.0000000000,0.0000000000,0.0046106801,0.0045877085
2003-11-23T22:49:17 UT1,2003-11-23T22:50:22 TT,65s,2003-11-23T23:00:00 TT,-0.1982285216,0.5568507194,0.0000573471,-0.0000094422,-0.9478430817,-0.1740748264,0.0001987648,0.0000031339,-20.3949057850,-0.0081878306,0.0000049564,-0.0000000065,0.5372378377,-0.0000029548,-0.0000131096,-0.0000000000,-0.0088757715,-0.0000029401,-0.0000130442,-0.0000000000,168.1752451097,14.9985366413,0.0000000000,0.0000000000,0.0047328093,0.0047092292
2004-04-19T13:34:06 UT1,2004-04-19T13:35:11 TT,65s,2004-04-19T14:00:00 TT,0.6933074745,0.4646183583,-0.0000099591,-0.0000054883,-0.9221071425,0.2285833938,-0.0000257426,-0.0000028788,11.4007295338,0.0137785042,-0.0000026449,0.0000000058,0.5625270630,0.0000783123,-0.0000102230,0.0000000026,0.0162876601,0.0000779222,-0.0000101721,0.0000000026,30.0287231120,15.0033585526,0.0000000000,0.0000000000,0.0046529834,0.0046298011
2004-10-14T02:59:13 UT1,2004-10-14T03:00:18 TT,65s,2004-10-14T03:00:00 TT,0.4770525396,0.4894476006,0.0000160719,-0.0000070076,0.9182991320,-0.2563931032,-0.0000064259,0.0000038407,-8.2157963426,-0.0148628518,0.0000016818,-0.0000000080,0.5481512460,-0.0001137264,-0.0000116661,-0.0000000040,0.0019833828,-0.0001131600,-0.0000116080,-0.0000000040,228.2860619446,15.0035997861,0.0000000000,0.0000000000,0.0046861866,0.0046628389
2005-04-08T20:35:46 UT1,2005-04-08T20:36:51 TT,65s,2005-04-08T21:00:00 TT,0.3502360201,0.4857512977,-0.0000099599,-0.0000068313,-0.2074061826,0.2576237204,-0.0000364202,-0.0000038184,7.4605070768,0.0149021124,-0.0000017275,0.0000000081,0.5484538701,0.0001071095,-0.0000115055,0.0000000041,0.0022845487,0.0001065760,-0.0000114482,0.0000000041,134.3662742692,15.0040448300,0.0000000000,0.0000000000,0.0046666711,0.0046434205
2005-10-03T10:31:42 UT1,2005-10-03T10:32:47 TT,65s,2005-10-03T11:00:00 TT,0.3660350786,0.4554699210,0.0000100538,-0.0000054504,0.1758152963,-0.2508245098,0.0000072326,0.0000031744,-4.0629480222,-0.0154919519,0.0000006790,-0.0000000065,0.5625602427,-0.0001018973,-0.0000103465,-0.0000000027,0.0163206259,-0.0001013897,-0.0000102950,-0.0000000027,347.5515361095,15.0043411250,0.0000000000,0.0000000000,0.0046721331,0.0046488553
2006-03-29T10:11:18 UT1,2006-03-29T10:12:23 TT,65s,2006-03-29T10:00:00 TT,-0.2899485756,0.5060795436,0.0000182990,-0.0000082737,0.2790190278,0.2790070527,-0.0000383387,-0.0000047651,3.3664712176,0.0155586208,-0.0000008281,0.0000000103,0.5369123652,0.0000646378,-0.0000127415,0.0000000023,-0.0091994891,0.0000643159,-0.0000126780,0.0000000023,328.5969036847,15.0043697459,0.0000000000,0.0000000000,0.0046806672,0.0046573469
2006-09-22T11:40:11 UT1,2006-09-22T11:41:16 TT,65s,2006-09-22T12:00:00 TT,-0.0606429166,0.4405235220,0.0000029006,-0.0000048269,-0.4314658758,-0.2461043820,0.0000149435,0.0000028656,0.2970934572,-0.0156194813,-0.0000002801,-0.0000000058,0.5693164157,-0.0000076914,-0.0000097454,-0.0000000002,0.0230431754,-0.0000076532,-0.0000096969,-0.0000000002,1.6214389598,15.0047304914,0.0000000000,0.0000000000,0.0046573984,0.0046341941
2007-03-19T02:31:50 UT1,2007-03-19T02:32:55 TT,65s,2007-03-19T03:00:00 TT,-0.2898251446,0.5086930996,0.0000219897,-0.0000084619,1.0655712381,0.2812028560,-0.0000531923,-0.0000048977,-0.7847666759,0.0157929858,0.0000001176,0.0000000107,0.5361353262,-0.0000543104,-0.0000129248,-0.0000000011,-0.0099726923,-0.0000540397,-0.0000128604,-0.0000000011,222.8173558023,15.0042754372,0.0000000000,0.0000000000,0.0046946813,0.0046712912
2007-09-11T12:31:24 UT1,2007-09-11T12:32:29 TT,65s,2007-09-11T13:00:00 TT,-0.3309149339,0.4539277074,-0.0000097960,-0.0000053448,-1.1017613810,-0.2479964442,0.0000274704,0.0000030752,4.6226039445,-0.0152371668,-0.0000012107,-0.0000000063,0.5622867746,0.0000831653,-0.0000101777,0.0000000025,0.0160485942,0.0000827508,-0.0000101270,0.0000000024,15.6391713189,15.0047485375,0.0000000000,0.0000000000,0.0046429705,0.0046198381
2008-02-07T03:55:00 UT1,2008-02-07T03:56:05 TT,65s,2008-02-07T04:00:00 TT,0.4119759215,0.4944294517,-0.0000417757,-0.0000066033,-0.8644779783,0.2142317411,0.0001397789,-0.0000030176,-15.5449728232,0.0123559586,0.0000034941,0.0000000060,0.5573188640,-0.0001243286,-0.0000112124,-0.0000000036,0.0111051882,-0.0001237090,-0.0000111566,-0.0000000036,236.3106493053,15.0005896544,0.0000000000,0.0000000000,0.0047397656,0.0047161509
2008-08-01T10:21:10 UT1,2008-08-01T10:22:16 TT,66s,2008-08-01T10:00:00 TT,0.1012027458,0.5287117891,-0.0000631503,-0.0000081432,0.8506950253,-0.2021716627,-0.0001515378,0.0000033041,17.8974883109,-0.0100962035,-0.0000038518,-0.0000000069,0.5381414313,0.0001112859,-0.0000120310,0.0000000033,-0.0079763546,0.0001107314,-0.0000119711,0.0000000032,328.2680285028,15.0020022493,0.0000000000,0.0000000000,0.0046046270,0.0045816856
2009-01-26T07:58:38 UT1,2009-01-26T07:59:44 TT,66s,2009-01-26T08:00:00 TT,0.0994040791,0.4783264723,-0.0000350183,-0.0000054483,-0.2638817088,0.1759569939,0.0001257981,-0.0000021577,-18.6778940013,0.0101159035,0.0000046031,0.0000000040,0.5718040100,-0.0000693725,-0.0000101021,-0.0000000018,0.0255181446,-0.0000690268,-0.0000100518,-0.0000000018,296.7126040935,14.9990063736,0.0000000000,0.0000000000,0.0047478403,0.0047241854
2009-07-22T02:35:19 UT1,2009-07-22T02:36:25 TT,66s,2009-07-22T03:00:00 TT,0.2399605100,0.5565461706,-0.0000572863,-0.0000094280,-0.0030717332,-0.1769863446,-0.0001346884,0.0000031730,20.2908072050,-0.0078417277,-0.0000045859,-0.0000000067,0.5303394869,0.0000065625,-0.0000128022,0.0000000008,-0.0157394149,0.0000065298,-0.0000127385,0.0000000008,223.2467743515,15.0009934338,0.0000000000,0.0000000000,0.0045994460,0.0045765305
2010-01-15T07:06:33 UT1,2010-01-15T07:07:39 TT,66s,2010-01-15T07:00:00 TT,-0.1729298398,0.4846513241,-0.0000368487,-0.0000053809,0.3665588087,0.1400398628,0.0001172884,-0.0000016978,-21.1536695600,0.0072696171,0.0000055746,0.0000000031,0.5745699676,0.0000374462,-0.0000099262,0.0000000009,0.0282703094,0.0000372596,-0.0000098767,0.0000000009,282.5375966383,14.9975808914,0.0000000000,0.0000000000,0.0047525397,0.0047288613
2010-07-11T19:33:30 UT1,2010-07-11T19:34:36 TT,66s,2010-07-11T20:00:00 TT,0.0748050901,0.5573920692,-0.0000272499,-0.0000089779,-0.7169472313,-0.1360848256,-0.0001123363,0.0000023550,22.0561771042,-0.0053021340,-0.0000052033,-0.0000000050,0.5343339153,-0.0000904969,-0.0000123583,-0.0000000027,-0.0117648814,-0.0000900460,-0.0000122968,-0.0000000027,118.4894010330,15.0000607731,0.0000000000,0.0000000000,0.0045968978,0.0045739949
2011-01-04T08:50:42 UT1,2011-01-04T08:51:48 TT,66s,2011-01-04T09:00:00 TT,-0.1394501833,0.5163930632,-0.0000414280,-0.0000065119,1.0559768011,0.1045626263,0.0001066127,-0.0000014417,-22.7567818313,0.0040163340,0.0000062662,0.0000000029,0.5634907394,0.0001099530,-0.0000107840,0.0000000033,0.0172462777,0.0001094052,-0.0000107303,0.0000000033,313.6945145572,14.9966267766,0.0000000000,0.0000000000,0.0047537324,0.0047300481
2011-06-01T21:16:05 UT1,2011-06-01T21:17:11 TT,66s,2011-06-01T21:00:00 TT,-0.2040043602,0.5262490630,0.0000301630,-0.0000066210,1.2053295511,0.0227826912,-0.0001928521,-0.0000002262,22.0700900310,0.0055622614,-0.0000051012,-0.0000000000,0.5561165802,-0.0001022656,-0.0000104515,-0.0000000031,0.0099092260,-0.0001017560,-0.0000103994,-0.0000000031,135.4250866434,14.9997586345,0.0000000000,0.0000000000,0.0046092572,0.0045862927
2011-07-01T08:38:12 UT1,2011-07-01T08:39:18 TT,66s,2011-07-01T09:00:00 TT,-0.0575138821,0.5356160485,-0.0000035425,-0.0000073355,-1.5021040408,-0.0875460220,-0.0000834132,0.0000013470,23.1324380267,-0.0024947081,-0.0000056488,-0.0000000029,0.5476750160,-0.0001268950,-0.0000110790,-0.0000000036,0.0015097503,-0.0001262627,-0.0000110238,-0.0000000036,313.9443581280,14.9993551385,0.0000000000,0.0000000000,0.0045970575,0.0045741538
2011-11-25T06:20:21 UT1,2011-11-25T06:21:28 TT,67s,2011-11-25T06:00:00 TT,-0.3111499179,0.5728434384,0.0000210045,-0.0000094074,-1.0273270350,-0.0584951958,0.0002101308,0.0000008496,-20.6450996186,-0.0081428846,0.0000050278,-0.0000000010,0.5405118870,0.0000824150,-0.0000127691,0.0000000023,-0.0056180375,0.0000820043,-0.0000127055,0.0000000023,273.1900665026,14.9984154482,0.0000000000,0.0000000000,0.0047340563,0.0047104700
2012-05-20T23:52:47 UT1,2012-05-20T23:53:54 TT,67s,2012-05-21T00:00:00 TT,-0.0027990350,0.5031214202,0.0000186343,-0.0000056644,0.4855213526,0.0566021860,-0.0001407369,-0.0000005669,20.1854101883,0.0083126740,-0.0000046529,0.0000000005,0.5663852177,-0.0000309936,-0.0000097269,-0.0000000006,0.0201266794,-0.0000308391,-0.0000096785,-0.0000000006,180.7527737922,15.0005966982,0.0000000000,0.0000000000,0.0046185304,0.0045955197
2012-11-13T22:11:48 UT1,2012-11-13T22:12:55 TT,67s,2012-11-13T22:00:00 TT,-0.1840886943,0.5742455919,0.0000354391,-0.0000097253,-0.3465768949,-0.0946473059,0.0001478633,0.0000015144,-18.2026349363,-0.0106413668,0.0000042443,-0.0000000024,0.5373551914,-0.0000225927,-0.0000130298,-0.0000000014,-0.0087589787,-0.0000224803,-0.0000129648,-0.0000000014,153.7961038827,14.9998889698,0.0000000000,0.0000000000,0.0047235611,0.0047000271
2013-05-10T00:25:13 UT1,2013-05-10T00:26:20 TT,67s,2013-05-10T00:00:00 TT,-0.1748744370,0.5051994719,0.0000146720,-0.0000059109,-0.3044763979,0.0893969933,-0.0000954324,-0.0000009779,17.5567164271,0.0107382205,-0.0000040172,0.0000000013,0.5635707320,0.0000789838,-0.0000100032,0.0000000019,0.0173261888,0.0000785904,-0.0000099534,0.0000000019,180.8064848936,15.0016827691,0.0000000000,0.0000000000,0.0046293859,0.0046063212
2013-11-03T12:46:28 UT1,2013-11-03T12:47:35 TT,67s,2013-11-03T13:00:00 TT,0.1834529185,0.5468436109,0.0000284827,-0.0000082595,0.2945587102,-0.1205603862,0.0000784954,0.0000017359,-15.1518449951,-0.0126697699,0.0000033885,-0.0000000029,0.5461881617,-0.0001117649,-0.0000120412,-0.0000000038,0.0000300138,-0.0001112081,-0.0000119812,-0.0000000037,19.0151198059,15.0013464335,0.0000000000,0.0000000000,0.0047117432,0.0046882681
2014-04-29T06:03:31 UT1,2014-04-29T06:04:38 TT,67s,2014-04-29T06:00:00 TT,0.1860158316,0.5281630990,-0.0000048294,-0.0000072372,-0.9833663676,0.1225721122,-0.0000468218,-0.0000016234,14.3881069482,0.0126906103,-0.0000033126,0.0000000028,0.5504423318,0.0001188239,-0.0000111476,0.0000000038,0.0042631674,0.0001182320,-0.0000110921,0.0000000038,270.5650169673,15.0027773495,0.0000000000,0.0000000000,0.0046413596,0.0046182352
2014-10-23T21:44:26 UT1,2014-10-23T21:45:34 TT,68s,2014-10-23T22:00:00 TT,0.4032695459,0.5083899457,0.0000161058,-0.0000064080,1.0212871942,-0.1358972380,0.0000174469,0.0000016308,-11.5485873863,-0.0142254961,0.0000024828,-0.0000000026,0.5608966815,-0.0001105236,-0.0000106422,-0.0000000032,0.0146652856,-0.0001099731,-0.0000105892,-0.0000000032,153.8412497062,15.0026696462,0.0000000000,0.0000000000,0.0046986117,0.0046752020
2015-03-20T09:45:40 UT1,2015-03-20T09:46:48 TT,68s,2015-03-20T10:00:00 TT,-0.1683174704,0.5537362785,0.0000058867,-0.0000093626,0.9390528711,0.1786626359,-0.0000535045,-0.0000029278,-0.2954902451,0.0160370351,0.0000000066,0.0000000059,0.5358424616,0.0000267533,-0.0000129467,0.0000000016,-0.0102640938,0.0000266201,-0.0000128821,0.0000000016,328.0134165789,15.0044151724,0.0000000000,0.0000000000,0.0046930850,0.0046697029
2015-09-13T06:54:13 UT1,2015-09-13T06:55:21 TT,68s,2015-09-13T07:00:00 TT,-0.2926885647,0.4821708170,0.0000017008,-0.0000054051,-1.0614860105,-0.1517242355,0.0000221096,0.0000016365,3.9747815471,-0.0155565222,-0.0000010655,-0.0000000028,0.5681603918,0.0000260365,-0.0000097533,0.0000000005,0.0218929414,0.0000259067,-0.0000097047,0.0000000005,285.8894385518,15.0048436560,0.0000000000,0.0000000000,0.0046453923,0.0046222478
2016-03-09T01:57:11 UT1,2016-03-09T01:58:19 TT,68s,2016-03-09T02:00:00 TT,-0.0624646655,0.5503170082,0.0000047664,-0.0000090570,0.2538499941,0.1719953176,0.0000177854,-0.0000027479,-4.4663670297,0.0158769598,0.0000007821,0.0000000054,0.5387773458,-0.0000700640,-0.0000127470,-0.0000000023,-0.0073438667,-0.0000697148,-0.0000126835,-0.0000000023,207.2902629316,15.0039641782,0.0000000000,0.0000000000,0.0047067216,0.0046832715
2016-09-01T09:06:54 UT1,2016-09-01T09:08:02 TT,68s,2016-09-01T09:00:00 TT,-0.1612520165,0.5041348486,-0.0000213085,-0.0000063087,-0.2997336708,-0.1479085391,-0.0000264292,0.0000017786,8.1491316499,-0.0147849797,-0.0000018264,-0.0000000032,0.5578290583,0.0001117183,-0.0000104660,0.0000000029,0.0116131150,0.0001111615,-0.0000104139,0.0000000029,314.9579228921,15.0045311977,0.0000000000,0.0000000000,0.0046320246,0.0046089467
2017-02-26T14:53:23 UT1,2017-02-26T14:54:32 TT,69s,2017-02-26T15:00:00 TT,0.1757125687,0.5254381565,-0.0000060626,-0.0000074186,-0.4256482254,0.1529763051,0.0000798707,-0.0000020737,-8.5791472574,0.0152409280,0.0000016399,0.0000000037,0.5523739022,-0.0001253566,-0.0000115185,-0.0000000037,0.0061849143,-0.0001247319,-0.0000114612,-0.0000000037,41.7310924126,15.0030712960,0.0000000000,0.0000000000,0.0047199465,0.0046964305
2017-08-21T18:25:32 UT1,2017-08-21T18:26:41 TT,69s,2017-08-21T18:00:00 TT,-0.1299594855,0.5407552354,-0.0000291641,-0.0000080996,0.4853150520,-0.1412109630,-0.0000911422,0.0000020464,11.9508840357,-0.0135927869,-0.0000025114,-0.0000000038,0.5420004872,0.0001242423,-0.0000117745,0.0000000035,-0.0041365648,0.0001236232,-0.0000117159,0.0000000035,89.1879879913,15.0039177820,0.0000000000,0.0000000000,0.0046202976,0.0045972781
2018-02-15T20:51:18 UT1,2018-02-15T20:52:27 TT,69s,2018-02-15T21:00:00 TT,0.3626185408,0.4991645895,-0.0000210419,-0.0000059287,-1.1578613240,0.1279024514,0.0001273801,-0.0000014394,-12.5485953267,0.0140473513,0.0000026071,0.0000000021,0.5681542547,-0.0000919763,-0.0000102757,-0.0000000023,0.0218866140,-0.0000915180,-0.0000102245,-0.0000000023,131.4301073549,15.0018012273,0.0000000000,0.0000000000,0.0047320561,0.0047084798
2018-07-13T03:01:06 UT1,2018-07-13T03:02:15 TT,69s,2018-07-13T03:00:00 TT,-0.0969613141,0.5828705300,-0.0000009171,-0.0000099278,-1.3509385600,-0.0322908371,-0.0000774094,0.0000004528,21.8845151418,-0.0058722631,-0.0000052280,-0.0000000004,0.5300809900,-0.0000115632,-0.0000127972,-0.0000000006,-0.0159966175,-0.0000115056,-0.0000127334,-0.0000000006,223.5509784624,15.0002241010,0.0000000000,0.0000000000,0.0045968893,0.0045739865
2018-08-11T09:59:00 UT1,2018-08-11T10:00:09 TT,69s,2018-08-11T10:00:00 TT,0.3662793099,0.5686380848,-0.0000473859,-0.0000096106,1.0943333415,-0.1256584178,-0.0001605522,0.0000020494,15.2953160382,-0.0120353693,-0.0000031468,-0.0000000038,0.5316099174,0.0000340317,-0.0000127462,0.0000000015,-0.0144753422,0.0000338621,-0.0000126827,0.0000000014,328.6574672199,15.0030540043,0.0000000000,0.0000000000,0.0046107509,0.0045877790
2019-01-06T01:41:32 UT1,2019-01-06T01:42:41 TT,69s,2019-01-06T02:00:00 TT,0.1304727396,0.5082527796,-0.0000157945,-0.0000058082,1.1437869250,0.0074891083,0.0001038462,0.0000000073,-22.5753310116,0.0047725388,0.0000061970,-0.0000000007,0.5725972338,0.0000576735,-0.0000100759,0.0000000017,0.0263073998,0.0000573861,-0.0000100257,0.0000000017,208.6047900214,14.9967217230,0.0000000000,0.0000000000,0.0047542465,0.0047305596
2019-07-02T19:22:56 UT1,2019-07-02T19:24:05 TT,69s,2019-07-02T19:00:00 TT,-0.2143696709,0.5661869014,0.0000279398,-0.0000087942,-0.6511292429,0.0117386725,-0.0001273878,-0.0000002845,23.0345454925,-0.0031127856,-0.0000055082,0.0000000011,0.5375407499,-0.0000895034,-0.0000120316,-0.0000000036,-0.0085740230,-0.0000890574,-0.0000119716,-0.0000000036,103.9781329571,14.9994965941,0.0000000000,0.0000000000,0.0045964890,0.0045735881
2019-12-26T05:17:45 UT1,2019-12-26T05:18:54 TT,69s,2019-12-26T05:00:00 TT,-0.1395525570,0.5355348197,-0.0000009411,-0.0000071541,0.4243603588,-0.0377421587,0.0001458476,0.0000006224,-23.3820919763,0.0013230775,0.0000064327,-0.0000000017,0.5587879372,0.0001285685,-0.0000111773,0.0000000036,0.0125669084,0.0001279279,-0.0000111217,0.0000000035,254.9438303988,14.9962678640,0.0000000000,0.0000000000,0.0047528015,0.0047291219
2020-06-21T06:40:06 UT1,2020-06-21T06:41:15 TT,69s,2020-06-21T07:00:00 TT,0.1539772989,0.5310465218,0.0000264441,-0.0000069352,0.1367260252,0.0524967908,-0.0001608968,-0.0000008018,23.4362750548,-0.0001523657,-0.0000055906,0.0000000019,0.5522216416,-0.0001219830,-0.0000107129,-0.0000000033,0.0060337187,-0.0001213752,-0.0000106596,-0.0000000033,284.5501881245,14.9991129948,0.0000000000,0.0000000000,0.0045989875,0.0045760742
2020-12-14T16:13:30 UT1,2020-12-14T16:14:39 TT,69s,2020-12-14T16:00:00 TT,-0.1823951949,0.5631738463,0.0000223030,-0.0000089449,-0.2692574690,-0.0870042071,0.0001881888,0.0000015205,-23.2425275056,-0.0020726562,0.0000062361,-0.0000000033,0.5437688348,0.0000972399,-0.0000125497,0.0000000030,-0.0023773532,0.0000967553,-0.0000124872,0.0000000030,61.2871171042,14.9965097767,0.0000000000,0.0000000000,0.0047482412,0.0047245843
2021-06-10T10:41:55 UT1,2021-06-10T10:43:04 TT,69s,2021-06-10T11:00:00 TT,-0.0206862342,0.5010376222,0.0000347608,-0.0000057028,0.9260618812,0.0898499594,-0.0001794240,-0.0000011439,23.0190717154,0.0029236598,-0.0000054292,0.0000000024,0.5642786412,-0.0000548571,-0.0000097918,-0.0000000012,0.0180306346,-0.0000545837,-0.0000097431,-0.0000000012,345.1546676963,14.9992155825,0.0000000000,0.0000000000,0.0046040461,0.0045811076
2021-12-04T07:33:28 UT1,2021-12-04T07:34:37 TT,69s,2021-12-04T08:00:00 TT,0.0231462029,0.5680259146,0.0000397893,-0.0000096503,-0.9837103892,-0.1327041229,0.0002207815,0.0000024211,-22.2347720917,-0.0052628128,0.0000056826,-0.0000000051,0.5377145968,-0.0000157551,-0.0000131265,-0.0000000001,-0.0084014100,-0.0000156766,-0.0000130611,-0.0000000001,302.4837226538,14.9973057547,0.0000000000,0.0000000000,0.0047414836,0.0047178603
2022-04-30T20:41:33 UT1,2022-04-30T20:42:42 TT,69s,2022-04-30T21:00:00 TT,0.6194312490,0.4750403038,-0.0000015215,-0.0000056752,-1.0272776234,0.2102660110,-0.0000425087,-0.0000026853,14.8750934348,0.0122160766,-0.0000034440,0.0000000054,0.5609734761,0.0000849353,-0.0000102630,0.0000000027,0.0147418461,0.0000845123,-0.0000102118,0.0000000027,135.7164209845,15.0025011977,0.0000000000,0.0000000000,0.0046400919,0.0046169738
2022-10-25T11:00:05 UT1,2022-10-25T11:01:14 TT,69s,2022-10-25T11:00:00 TT,0.4558249298,0.4952968643,0.0000275884,-0.0000070224,0.9682922330,-0.2401133509,0.0000159569,0.0000035711,-12.0654260910,-0.0137855714,0.0000026319,-0.0000000073,0.5497839778,-0.0001148731,-0.0000116121,-0.0000000040,0.0036079448,-0.0001143009,-0.0000115543,-0.0000000040,348.9929889216,15.0024587437,0.0000000000,0.0000000000,0.0046999579,0.0046765416
2023-04-20T04:16:48 UT1,2023-04-20T04:17:57 TT,69s,2023-04-20T04:00:00 TT,0.0272829222,0.4947727185,0.0000135095,-0.0000070571,-0.4273424104,0.2446975313,-0.0000486387,-0.0000036825,11.2988527289,0.0137780157,-0.0000025663,0.0000000077,0.5467103371,0.0001217899,-0.0000115700,0.0000000038,0.0005497370,0.0001211833,-0.0000115124,0.0000000038,240.2583863624,15.0034467459,0.0000000000,0.0000000000,0.0046530400,0.0046298574
2023-10-14T17:59:31 UT1,2023-10-14T18:00:40 TT,69s,2023-10-14T18:00:00 TT,0.1698974173,0.4583812283,0.0000276776,-0.0000054323,0.3347410878,-0.2416953442,0.0000232832,0.0000030366,-8.1214664028,-0.0149147294,0.0000015862,-0.0000000061,0.5642102588,-0.0000887775,-0.0000103055,-0.0000000027,0.0179623853,-0.0000883353,-0.0000102541,-0.0000000027,93.5180626914,15.0035506338,0.0000000000,0.0000000000,0.0046862561,0.0046629080
2024-04-08T18:17:20 UT1,2024-04-08T18:18:29 TT,69s,2024-04-08T18:00:00 TT,-0.3183957448,0.5115307485,0.0000325153,-0.0000084148,0.2195528178,0.2712992851,-0.0000585577,-0.0000046643,7.4594286365,0.0148687570,-0.0000016737,0.0000000101,0.5357244272,0.0000620224,-0.0000127552,0.0000000021,-0.0103814720,0.0000617136,-0.0000126917,0.0000000021,89.6128150780,15.0041036045,0.0000000000,0.0000000000,0.0046663435,0.0046430946
2024-10-02T18:45:04 UT1,2024-10-02T18:46:13 TT,69s,2024-10-02T19:00:00 TT,-0.0681601231,0.4415369118,0.0000134340,-0.0000048329,-0.3631469646,-0.2437078452,0.0000331799,0.0000028371,-3.8532439519,-0.0155228533,0.0000005697,-0.0000000057,0.5702450948,0.0000000667,-0.0000097616,-0.0000000000,0.0239671919,0.0000000663,-0.0000097130,-0.0000000000,107.7554947497,15.0043416826,0.0000000000,0.0000000000,0.0046714748,0.0046482004
2025-03-29T10:47:25 UT1,2025-03-29T10:48:34 TT,69s,2025-03-29T11:00:00 TT,-0.4031578045,0.5093289894,0.0000413080,-0.0000084452,0.9655763644,0.2789843400,-0.0000713528,-0.0000048444,3.4286977391,0.0155492951,-0.0000007621,0.0000000105,0.5356770602,-0.0000529832,-0.0000128620,-0.0000000014,-0.0104286387,-0.0000527191,-0.0000127979,-0.0000000014,343.8619313002,15.0043765141,0.0000000000,0.0000000000,0.0046803680,0.0046570492
2025-09-21T19:42:00 UT1,2025-09-21T19:43:09 TT,69s,2025-09-21T20:00:00 TT,-0.3899779543,0.4531804856,0.0000029583,-0.0000053771,-1.0018661676,-0.2521223802,0.0000448331,0.0000031490,0.5060037609,-0.0155963662,-0.0000003946,-0.0000000064,0.5623919155,0.0000910983,-0.0000102539,0.0000000025,0.0161531773,0.0000906443,-0.0000102028,0.0000000025,121.8177120650,15.0047696741,0.0000000000,0.0000000000,0.0046564026,0.0046332032
2026-02-17T12:11:52 UT1,2026-02-17T12:13:01 TT,69s,2026-02-17T12:00:00 TT,0.3207607801,0.4830278873,-0.0000314462,-0.0000063735,-0.9273909261,0.2349160311,0.0001177323,-0.0000032604,-12.0037837178,0.0139995839,0.0000024765,0.0000000066,0.5576212702,-0.0001177558,-0.0000111210,-0.0000000037,0.0114061126,-0.0001171690,-0.0000110656,-0.0000000036,356.5705741266,15.0019506113,0.0000000000,0.0000000000,0.0047300982,0.0047065316
2026-08-12T17:46:00 UT1,2026-08-12T17:47:09 TT,69s,2026-08-12T18:00:00 TT,0.4742372113,0.5193069352,-0.0000771825,-0.0000080423,0.7719737200,-0.2293090197,-0.0001255849,0.0000037537,14.9115826231,-0.0120040616,-0.0000031332,-0.0000000079,0.5378647110,0.0000941409,-0.0000121139,0.0000000034,-0.0082517151,0.0000936718,-0.0000120535,0.0000000034,88.8193623378,15.0030526564,0.0000000000,0.0000000000,0.0046121534,0.0045891745
2027-02-06T15:59:38 UT1,2027-02-06T16:00:47 TT,69s,2027-02-06T16:00:00 TT,0.1111940842,0.4668564017,-0.0000336291,-0.0000052766,-0.2734938511,0.2023559372,0.0001033659,-0.0000024493,-15.6613212247,0.0123134310,0.0000036213,0.0000000046,0.5718237828,-0.0000650332,-0.0000100572,-0.0000000016,0.0255378376,-0.0000647091,-0.0000100071,-0.0000000016,56.5738995652,15.0004685384,0.0000000000,0.0000000000,0.0047406201,0.0047170011
2027-08-02T10:06:41 UT1,2027-08-02T10:07:50 TT,69s,2027-08-02T10:00:00 TT,-0.0201068945,0.5451545359,-0.0000443799,-0.0000092310,0.1600238600,-0.2100149799,-0.0001226392,0.0000037396,17.8638727405,-0.0101032228,-0.0000039108,-0.0000000079,0.5305090724,0.0000140661,-0.0000128242,0.0000000002,-0.0155706869,0.0000139960,-0.0000127603,0.0000000002,328.5191538829,15.0020558367,0.0000000000,0.0000000000,0.0046044725,0.0045815319
2028-01-26T15:07:50 UT1,2028-01-26T15:08:59 TT,69s,2028-01-26T15:00:00 TT,-0.2045092510,0.4746494610,-0.0000388490,-0.0000052714,0.3407410126,0.1727832126,0.0000976569,-0.0000020739,-18.8238490865,0.0099837153,0.0000047251,0.0000000038,0.5740115746,0.0000422505,-0.0000099410,0.0000000011,0.0277147099,0.0000420400,-0.0000098914,0.0000000011,41.9990424679,14.9989196896,0.0000000000,0.0000000000,0.0047481297,0.0047244734
2028-07-22T02:55:29 UT1,2028-07-22T02:56:38 TT,69s,2028-07-22T03:00:00 TT,-0.1529339712,0.5454264098,-0.0000211226,-0.0000086945,-0.5868075663,-0.1732366036,-0.0001028484,0.0000029349,20.2651486840,-0.0078790302,-0.0000046535,-0.0000000061,0.5351475514,-0.0000855588,-0.0000122971,-0.0000000031,-0.0109553058,-0.0000851326,-0.0000122358,-0.0000000030,223.5009155191,15.0009791531,0.0000000000,0.0000000000,0.0045996490,0.0045767324
2029-01-14T17:12:44 UT1,2029-01-14T17:13:53 TT,69s,2029-01-14T17:00:00 TT,-0.4047857278,0.5085435210,-0.0000389801,-0.0000064620,0.9821514366,0.1441521388,0.0000928594,-0.0000019690,-21.2346597434,0.0071310933,0.0000056659,0.0000000038,0.5625651599,0.0001190861,-0.0000108500,0.0000000033,0.0163253138,0.0001184928,-0.0000107959,0.0000000033,72.8274239100,14.9975945376,0.0000000000,0.0000000000,0.0047520853,0.0047284092
2029-06-12T04:04:56 UT1,2029-06-12T04:06:05 TT,69s,2029-06-12T04:00:00 TT,-0.0147597161,0.5248118099,0.0000112648,-0.0000065415,1.2953765488,-0.0160299074,-0.0002054250,0.0000002701,23.1322763070,0.0027086641,-0.0000054036,-0.0000000009,0.5565644058,-0.0001024128,-0.0000103742,-0.0000000029,0.0103548363,-0.0001019025,-0.0000103225,-0.0000000029,240.1884032316,14.9992190196,0.0000000000,0.0000000000,0.0046029301,0.0045799972
2029-07-11T15:59:00 UT1,2029-07-11T16:00:09 TT,69s,2029-07-11T16:00:00 TT,-0.1332228951,0.5256297536,-0.0000092196,-0.0000071033,-1.4275364156,-0.1265256863,-0.0000773973,0.0000018696,22.0612870534,-0.0053128390,-0.0000052882,-0.0000000038,0.5486608676,-0.0001265995,-0.0000109969,-0.0000000035,0.0024906891,-0.0001259687,-0.0000109421,-0.0000000035,58.7494924525,14.9999772942,0.0000000000,0.0000000000,0.0045974625,0.0045745568
2029-12-05T15:02:52 UT1,2029-12-05T15:04:01 TT,69s,2029-12-05T15:00:00 TT,-0.0670011988,0.5765900891,-0.0000016876,-0.0000095116,-1.0594726594,-0.0157391496,0.0002289249,0.0000001354,-22.3948684741,-0.0051748778,0.0000057343,0.0000000005,0.5405503589,0.0000701034,-0.0000128312,0.0000000023,-0.0055797793,0.0000697541,-0.0000127673,0.0000000023,47.4650495710,14.9972066856,0.0000000000,0.0000000000,0.0047425965,0.0047189677
2030-06-01T06:28:04 UT1,2030-06-01T06:29:13 TT,69s,2030-06-01T06:00:00 TT,-0.2710301248,0.5055719506,0.0000188061,-0.0000056811,0.5511743260,0.0225178269,-0.0001579871,-0.0000001766,22.0014673561,0.0056953097,-0.0000051632,-0.0000000002,0.5660475329,-0.0000127293,-0.0000097006,-0.0000000006,0.0197906981,-0.0000126658,-0.0000096523,-0.0000000006,270.7000378546,14.9997383830,0.0000000000,0.0000000000,0.0046100872,0.0045871186
2030-11-25T06:50:28 UT1,2030-11-25T06:51:37 TT,69s,2030-11-25T07:00:00 TT,0.0430505791,0.5786227975,0.0000183776,-0.0000097757,-0.3927817018,-0.0568095551,0.0001734693,0.0000008627,-20.6782864979,-0.0081008077,0.0000051302,-0.0000000010,0.5381229443,-0.0000375689,-0.0000130304,-0.0000000014,-0.0079950781,-0.0000373819,-0.0000129655,-0.0000000014,288.4337262552,14.9984093407,0.0000000000,0.0000000000,0.0047341057,0.0047105192
2031-05-21T07:14:55 UT1,2031-05-21T07:16:04 TT,69s,2031-05-21T07:00:00 TT,-0.1142046824,0.5110786513,0.0000076670,-0.0000060257,-0.2115594463,0.0593366082,-0.0001174631,-0.0000006248,20.0672825769,0.0084431449,-0.0000046733,0.0000000007,0.5623044461,0.0000808278,-0.0000100351,0.0000000021,0.0160662382,0.0000804251,-0.0000099851,0.0000000021,286.0139521224,15.0006690063,0.0000000000,0.0000000000,0.0046189200,0.0045959074
2031-11-14T21:06:21 UT1,2031-11-14T21:07:30 TT,69s,2031-11-14T21:00:00 TT,-0.0190856992,0.5507210411,0.0000369834,-0.0000082331,0.3150173922,-0.0904375773,0.0001035508,0.0000012657,-18.2239227340,-0.0106321229,0.0000043595,-0.0000000018,0.5476794197,-0.0001064952,-0.0000119872,-0.0000000039,0.0015138103,-0.0001059647,-0.0000119274,-0.0000000039,139.0535476201,14.9998174456,0.0000000000,0.0000000000,0.0047240724,0.0047005358
2032-05-09T13:25:38 UT1,2032-05-09T13:26:47 TT,69s,2032-05-09T13:00:00 TT,-0.0720314033,0.5357245226,0.0000055034,-0.0000074342,-0.9656240492,0.0966982021,-0.0000692603,-0.0000012812,17.4718376129,0.0107847478,-0.0000040560,0.0000000021,0.5487577902,0.0001273611,-0.0000112127,0.0000000037,0.0025870495,0.0001267266,-0.0000111568,0.0000000037,16.0517905963,15.0017917622,0.0000000000,0.0000000000,0.0046290757,0.0046060125
2032-11-03T05:32:58 UT1,2032-11-03T05:34:07 TT,69s,2032-11-03T06:00:00 TT,0.4513026270,0.5117853919,0.0000171058,-0.0000063893,0.9898934052,-0.1139349690,0.0000440929,0.0000013405,-15.0998191469,-0.0127129353,0.0000034552,-0.0000000019,0.5625041006,-0.0001123715,-0.0000105991,-0.0000000030,0.0162646614,-0.0001118118,-0.0000105463,-0.0000000030,274.2774739167,15.0012827406,0.0000000000,0.0000000000,0.0047121753,0.0046886980
2033-03-30T18:01:28 UT1,2033-03-30T18:02:37 TT,69s,2033-03-30T18:00:00 TT,-0.3193679929,0.5553248153,0.0000226685,-0.0000094203,0.9244951061,0.1759696681,-0.0000788514,-0.0000028930,3.9129665736,0.0157390644,-0.0000008528,0.0000000058,0.5348536913,0.0000278617,-0.0000129397,0.0000000012,-0.0112479013,0.0000277231,-0.0000128752,0.0000000012,89.0626206653,15.0044718638,0.0000000000,0.0000000000,0.0046787826,0.0046554717
2033-09-23T13:53:24 UT1,2033-09-23T13:54:33 TT,69s,2033-09-23T14:00:00 TT,-0.3100788075,0.4815314186,0.0000085266,-0.0000054076,-1.1169865150,-0.1545788764,0.0000467177,0.0000016705,-0.1539421812,-0.0158478900,-0.0000002629,-0.0000000029,0.5687942328,0.0000319922,-0.0000097861,0.0000000007,0.0225235906,0.0000318326,-0.0000097373,0.0000000007,32.0809631228,15.0048062979,0.0000000000,0.0000000000,0.0046587851,0.0046355738
2034-03-20T10:17:36 UT1,2034-03-20T10:18:45 TT,69s,2034-03-20T10:00:00 TT,-0.2596138882,0.5481587164,0.0000232882,-0.0000089669,0.2207454242,0.1755905204,-0.0000067239,-0.0000027910,-0.2434581191,0.0160431714,-0.0000001176,0.0000000056,0.5385405601,-0.0000661773,-0.0000126668,-0.0000000027,-0.0075794382,-0.0000658474,-0.0000126037,-0.0000000026,328.2837226279,15.0044015592,0.0000000000,0.0000000000,0.0046932082,0.0046698254
2034-09-12T16:18:19 UT1,2034-09-12T16:19:28 TT,69s,2034-09-12T16:00:00 TT,-0.2807443347,0.5029133168,-0.0000107769,-0.0000063547,-0.3244839216,-0.1575296396,-0.0000019845,0.0000019158,4.1604692509,-0.0155155993,-0.0000010459,-0.0000000035,0.5577019935,0.0001190098,-0.0000105543,0.0000000029,0.0114866525,0.0001184167,-0.0000105017,0.0000000029,61.1025183162,15.0048877550,0.0000000000,0.0000000000,0.0046442000,0.0046210614
2035-03-09T23:04:43 UT1,2035-03-09T23:05:52 TT,69s,2035-03-09T23:00:00 TT,0.0792270654,0.5206656345,0.0000048540,-0.0000072769,-0.4328714154,0.1628052246,0.0000544465,-0.0000021908,-4.4638702931,0.0158993011,0.0000006936,0.0000000041,0.5525268509,-0.0001216204,-0.0000114189,-0.0000000038,0.0063371328,-0.0001210143,-0.0000113620,-0.0000000037,162.5554081058,15.0038876382,0.0000000000,0.0000000000,0.0047075527,0.0046840985
2035-09-02T01:55:38 UT1,2035-09-02T01:56:47 TT,69s,2035-09-02T02:00:00 TT,0.1338975700,0.5379480357,-0.0000359977,-0.0000081240,0.3491527428,-0.1578752041,-0.0000608247,0.0000023141,8.2031636131,-0.0147434116,-0.0000017548,-0.0000000045,0.5418277947,0.0001105376,-0.0000118688,0.0000000036,-0.0043084236,0.0001099868,-0.0000118097,0.0000000036,210.2018575420,15.0046094904,0.0000000000,0.0000000000,0.0046309009,0.0046078286
2036-02-27T04:45:34 UT1,2036-02-27T04:46:43 TT,69s,2036-02-27T05:00:00 TT,0.4427162532,0.4935749608,-0.0000200976,-0.0000058234,-1.1148400031,0.1439560440,0.0001008739,-0.0000016211,-8.6859755767,0.0152362285,0.0000016175,0.0000000026,0.5680893986,-0.0000902954,-0.0000102135,-0.0000000021,0.0218221092,-0.0000898454,-0.0000101626,-0.0000000021,251.9875853987,15.0029621488,0.0000000000,0.0000000000,0.0047210923,0.0046975706
2036-07-23T10:30:56 UT1,2036-07-23T10:32:05 TT,69s,2036-07-23T11:00:00 TT,0.0944950432,0.5790443955,-0.0000176647,-0.0000098508,-1.4475324894,-0.0715787610,-0.0000556772,0.0000011332,20.0052994388,-0.0084209122,-0.0000046860,-0.0000000018,0.5303485170,-0.0000303174,-0.0000127910,-0.0000000005,-0.0157304311,-0.0000301664,-0.0000127273,-0.0000000005,343.5965559566,15.0011912003,0.0000000000,0.0000000000,0.0045999539,0.0045770358
2036-08-21T17:24:38 UT1,2036-08-21T17:25:47 TT,69s,2036-08-21T17:00:00 TT,0.0345563805,0.5635447164,-0.0000278331,-0.0000095566,1.1104451613,-0.1487389226,-0.0001367700,0.0000024442,11.9175985864,-0.0135846087,-0.0000023942,-0.0000000048,0.5318203976,0.0000447288,-0.0000127962,0.0000000009,-0.0142659334,0.0000445058,-0.0000127325,0.0000000008,74.4543575674,15.0039822317,0.0000000000,0.0000000000,0.0046198262,0.0045968091
2037-01-16T09:47:50 UT1,2037-01-16T09:48:59 TT,69s,2037-01-16T10:00:00 TT,-0.0096268472,0.5072558612,-0.0000210424,-0.0000058320,1.1515319805,0.0458817107,0.0000883841,-0.0000004446,-20.9278425133,0.0078352501,0.0000055527,0.0000000000,0.5719774635,0.0000635196,-0.0000101089,0.0000000019,0.0256907231,0.0000632031,-0.0000100586,0.0000000018,327.7982582343,14.9977812924,0.0000000000,0.0000000000,0.0047520219,0.0047283461
2037-07-13T02:39:24 UT1,2037-07-13T02:40:33 TT,69s,2037-07-13T03:00:00 TT,0.1441066128,0.5637087240,0.0000007080,-0.0000086915,-0.7332062997,-0.0298194859,-0.0001138254,0.0000003745,21.8622501580,-0.0059115479,-0.0000051360,-0.0000000002,0.5382928393,-0.0001098264,-0.0000119644,-0.0000000034,-0.0078256829,-0.0001092792,-0.0000119047,-0.0000000034,223.8121715328,15.0001830810,0.0000000000,0.0000000000,0.0045974041,0.0045744987
2038-01-05T13:46:03 UT1,2038-01-05T13:47:12 TT,69s,2038-01-05T14:00:00 TT,0.1104822953,0.5385670644,-0.0000240963,-0.0000072598,0.4181363296,0.0059682781,0.0001385361,0.0000000211,-22.6141944679,0.0046581577,0.0000061274,-0.0000000007,0.5580645843,0.0001166693,-0.0000112438,0.0000000038,0.0118471579,0.0001160880,-0.0000111877,0.0000000038,28.9180653746,14.9967794632,0.0000000000,0.0000000000,0.0047533834,0.0047297009
2038-07-02T13:31:46 UT1,2038-07-02T13:32:55 TT,69s,2038-07-02T14:00:00 TT,0.2390156470,0.5314994259,0.0000107786,-0.0000068763,0.0450945005,0.0117870679,-0.0001547283,-0.0000002533,23.0364576016,-0.0030907469,-0.0000054471,0.0000000010,0.5530391108,-0.0001223007,-0.0000106347,-0.0000000032,0.0068471189,-0.0001216913,-0.0000105817,-0.0000000032,29.2483688197,14.9993983621,0.0000000000,0.0000000000,0.0045974308,0.0045745252
2038-12-26T00:59:01 UT1,2038-12-26T01:00:10 TT,69s,2038-12-26T01:00:00 TT,-0.0218429745,0.5696986366,0.0000009061,-0.0000091183,-0.2873050059,-0.0402698675,0.0001916770,0.0000007648,-23.3792127859,0.0013153276,0.0000063168,-0.0000000020,0.5434147490,0.0000869235,-0.0000126126,0.0000000031,-0.0027296839,0.0000864904,-0.0000125497,0.0000000031,195.2181452914,14.9963669490,0.0000000000,0.0000000000,0.0047517520,0.0047280776
2039-06-21T17:11:43 UT1,2039-06-21T17:12:52 TT,69s,2039-06-21T17:00:00 TT,-0.1929581795,0.5056619419,0.0000285399,-0.0000057395,0.8158030849,0.0516159497,-0.0001798962,-0.0000006941,23.4318798871,-0.0000195938,-0.0000055472,0.0000000017,0.5644242576,-0.0000385030,-0.0000097565,-0.0000000011,0.0181755361,-0.0000383112,-0.0000097078,-0.0000000011,74.8398055530,14.9990419841,0.0000000000,0.0000000000,0.0045998328,0.0045769153
2039-12-15T16:22:36 UT1,2039-12-15T16:23:45 TT,69s,2039-12-15T16:00:00 TT,-0.3696972906,0.5765741463,0.0000484852,-0.0000098044,-0.9006007964,-0.0873197683,0.0002289375,0.0000016402,-23.2455187393,-0.0020299662,0.0000061377,-0.0000000036,0.5381163184,-0.0000001454,-0.0000131336,-0.0000000007,-0.0080017065,-0.0000001447,-0.0000130682,-0.0000000007,61.5352946374,14.9965436881,0.0000000000,0.0000000000,0.0047478875,0.0047242323
2040-05-11T03:42:00 UT1,2040-05-11T03:43:10 TT,70s,2040-05-11T04:00:00 TT,0.5853547045,0.4868482415,0.0000021385,-0.0000058855,-1.1175336456,0.1862268532,-0.0000589772,-0.0000024172,17.8804969761,0.0102479326,-0.0000041907,0.0000000048,0.5594420652,0.0000890590,-0.0000103060,0.0000000029,0.0132180957,0.0000886153,-0.0000102547,0.0000000028,241.1801988186,15.0015140309,0.0000000000,0.0000000000,0.0046279514,0.0046048938
2040-11-04T19:07:46 UT1,2040-11-04T19:08:56 TT,70s,2040-11-04T19:00:00 TT,0.3601527399,0.5033712230,0.0000394473,-0.0000070691,1.0418880672,-0.2174620241,0.0000381019,0.0000032157,-15.5608446714,-0.0121996214,0.0000036193,-0.0000000065,0.5514206122,-0.0001132678,-0.0000115571,-0.0000000040,0.0052363903,-0.0001127036,-0.0000114995,-0.0000000040,109.3773682525,15.0010501905,0.0000000000,0.0000000000,0.0047135533,0.0046900692
2041-04-30T11:51:12 UT1,2041-04-30T11:52:22 TT,70s,2041-04-30T12:00:00 TT,0.2473775720,0.5061155801,0.0000111052,-0.0000073024,-0.3815394995,0.2254882906,-0.0000726571,-0.0000034388,14.7945418070,0.0122206684,-0.0000033504,0.0000000072,0.5451139985,0.0001105961,-0.0000116220,0.0000000040,-0.0010386143,0.0001100452,-0.0000115641,0.0000000039,0.9773398796,15.0026025725,0.0000000000,0.0000000000,0.0046396102,0.0046164945
2041-10-25T01:35:11 UT1,2041-10-25T01:36:21 TT,70s,2041-10-25T02:00:00 TT,0.3643010288,0.4641052245,0.0000299000,-0.0000054635,0.2820242156,-0.2267325374,0.0000482950,0.0000028381,-11.9781896366,-0.0138487085,0.0000025302,-0.0000000056,0.5657484270,-0.0000936080,-0.0000102745,-0.0000000025,0.0194928537,-0.0000931418,-0.0000102233,-0.0000000024,214.2461684143,15.0024078403,0.0000000000,0.0000000000,0.0047005004,0.0046770813
2042-04-20T02:16:21 UT1,2042-04-20T02:17:31 TT,70s,2042-04-20T02:00:00 TT,-0.2826952808,0.5199466203,0.0000416256,-0.0000086049,0.1899586908,0.2571701967,-0.0000803936,-0.0000044532,11.3108104038,0.0137400167,-0.0000024917,0.0000000096,0.5345938461,0.0000562902,-0.0000127653,0.0000000019,-0.0115063848,0.0000560098,-0.0000127017,0.0000000019,210.5254763494,15.0035078197,0.0000000000,0.0000000000,0.0046523215,0.0046291425
2042-10-14T01:59:32 UT1,2042-10-14T02:00:42 TT,70s,2042-10-14T02:00:00 TT,-0.1469619752,0.4455521124,0.0000257999,-0.0000048773,-0.2650791944,-0.2358751184,0.0000510824,0.0000027511,-7.9190277833,-0.0149686262,0.0000014700,-0.0000000054,0.5711422696,0.0000106945,-0.0000097814,0.0000000001,0.0248598603,0.0000106411,-0.0000097327,0.0000000001,213.7476444600,15.0035684865,0.0000000000,0.0000000000,0.0046858230,0.0046624770
2043-04-09T18:56:37 UT1,2043-04-09T18:57:47 TT,70s,2043-04-09T19:00:00 TT,-0.4489146274,0.5132592937,0.0000561417,-0.0000084829,0.8973399772,0.2703707670,-0.0000911469,-0.0000046842,7.5223933760,0.0148539367,-0.0000016097,0.0000000101,0.5352539645,-0.0000543268,-0.0000127954,-0.0000000017,-0.0108495901,-0.0000540560,-0.0000127317,-0.0000000017,104.8818791690,15.0040999842,0.0000000000,0.0000000000,0.0046660848,0.0046428372
2043-10-03T03:00:44 UT1,2043-10-03T03:01:54 TT,70s,2043-10-03T03:00:00 TT,-0.5009863254,0.4554951508,0.0000178823,-0.0000054518,-0.8773583893,-0.2507762273,0.0000615064,0.0000031605,-3.6430955943,-0.0155194919,0.0000004551,-0.0000000064,0.5624886084,0.0001015121,-0.0000103341,0.0000000026,0.0162493531,0.0001010062,-0.0000102826,0.0000000026,227.9749915342,15.0044058359,0.0000000000,0.0000000000,0.0046703223,0.0046470536
2044-02-28T20:23:24 UT1,2044-02-28T20:24:34 TT,70s,2044-02-28T20:00:00 TT,0.2683032962,0.4739821588,-0.0000197442,-0.0000061840,-0.9834457644,0.2490341410,0.0000958271,-0.0000034121,-8.0925566912,0.0151156311,0.0000014799,0.0000000070,0.5578223480,-0.0001129207,-0.0000110290,-0.0000000036,0.0116062171,-0.0001123580,-0.0000109740,-0.0000000036,117.1591385831,15.0030594790,0.0000000000,0.0000000000,0.0047189495,0.0046954385
2044-08-23T01:15:55 UT1,2044-08-23T01:17:05 TT,70s,2044-08-23T01:00:00 TT,0.2775683321,0.5113023300,-0.0000611092,-0.0000079832,0.9344239757,-0.2502190374,-0.0001110062,0.0000041153,11.4866599493,-0.0135063602,-0.0000023559,-0.0000000088,0.5375995779,0.0001029923,-0.0000122082,0.0000000031,-0.0085155501,0.0001024791,-0.0000121473,0.0000000030,194.6465943005,15.0039523772,0.0000000000,0.0000000000,0.0046212609,0.0045982366
2045-02-16T23:54:56 UT1,2045-02-16T23:56:06 TT,70s,2045-02-17T00:00:00 TT,0.1665018411,0.4567533939,-0.0000296854,-0.0000051283,-0.2665407323,0.2225408321,0.0000797437,-0.0000026665,-12.1329408438,0.0139802863,0.0000026062,0.0000000051,0.5716717155,-0.0000623545,-0.0000100122,-0.0000000015,0.0253865520,-0.0000620438,-0.0000099624,-0.0000000015,176.8227881552,15.0018371064,0.0000000000,0.0000000000,0.0047312487,0.0047076764
2045-08-12T17:41:29 UT1,2045-08-12T17:42:39 TT,70s,2045-08-12T18:00:00 TT,0.2403143747,0.5338891123,-0.0000535037,-0.0000090284,0.1247679053,-0.2373169417,-0.0000982264,0.0000042070,14.8734564441,-0.0120037927,-0.0000031882,-0.0000000090,0.5308553672,-0.0000026421,-0.0000128451,0.0000000002,-0.0152261357,-0.0000026290,-0.0000127811,0.0000000002,89.0874009156,15.0031027344,0.0000000000,0.0000000000,0.0046118198,0.0045888426
2046-02-05T23:05:16 UT1,2046-02-05T23:06:26 TT,70s,2046-02-05T23:00:00 TT,-0.1986437704,0.4647187124,-0.0000371906,-0.0000051671,0.3244514680,0.1998922135,0.0000751835,-0.0000023864,-15.8404951028,0.0122085777,0.0000037488,0.0000000045,0.5732569211,0.0000458114,-0.0000099552,0.0000000012,0.0269638342,0.0000455833,-0.0000099056,0.0000000012,161.8502711258,15.0003816597,0.0000000000,0.0000000000,0.0047411864,0.0047175646
2046-08-02T10:20:02 UT1,2046-08-02T10:21:12 TT,70s,2046-08-02T10:00:00 TT,-0.3806903713,0.5325570075,-0.0000107477,-0.0000083967,-0.4266372617,-0.2051053904,-0.0000911525,0.0000034157,17.8292582261,-0.0101403536,-0.0000039754,-0.0000000071,0.5361210156,-0.0000794644,-0.0000122368,-0.0000000034,-0.0099867043,-0.0000790685,-0.0000121758,-0.0000000034,328.7750598119,15.0020403852,0.0000000000,0.0000000000,0.0046046791,0.0045817374
2047-01-26T01:32:13 UT1,2047-01-26T01:33:23 TT,70s,2047-01-26T02:00:00 TT,-0.1307675004,0.4991532013,-0.0000519158,-0.0000063749,1.0632915159,0.1791892800,0.0000675340,-0.0000024402,-18.9281166900,0.0098662108,0.0000048368,0.0000000047,0.5615838151,0.0001053884,-0.0000109033,0.0000000036,0.0153488695,0.0001048634,-0.0000108490,0.0000000036,207.2896729005,14.9989263530,0.0000000000,0.0000000000,0.0047478178,0.0047241629
2047-06-23T10:51:11 UT1,2047-06-23T10:52:22 TT,71s,2047-06-23T11:00:00 TT,0.2120509085,0.5203724695,-0.0000100206,-0.0000064232,1.3617752788,-0.0559721107,-0.0002099162,0.0000007732,23.4236971150,-0.0002526691,-0.0000054701,-0.0000000018,0.5571335617,-0.0001031178,-0.0000103033,-0.0000000028,0.0109211662,-0.0001026040,-0.0000102519,-0.0000000028,344.8517487674,14.9990930812,0.0000000000,0.0000000000,0.0045990438,0.0045761302
2047-07-22T22:34:57 UT1,2047-07-22T22:36:08 TT,71s,2047-07-22T23:00:00 TT,-0.2011893345,0.5137537754,-0.0000116298,-0.0000068490,-1.3494593892,-0.1615845389,-0.0000661216,0.0000023244,20.2708585492,-0.0078983308,-0.0000047416,-0.0000000047,0.5497777364,-0.0001255931,-0.0000109196,-0.0000000035,0.0036019867,-0.0001249674,-0.0000108651,-0.0000000035,163.7523764321,15.0008985365,0.0000000000,0.0000000000,0.0046001349,0.0045772158
2047-12-16T23:49:04 UT1,2047-12-16T23:50:15 TT,71s,2047-12-17T00:00:00 TT,0.1507555882,0.5769049228,-0.0000264315,-0.0000095525,-1.0595437361,0.0307333703,0.0002377392,-0.0000006501,-23.3065863520,-0.0019066118,0.0000061469,0.0000000019,0.5404754235,0.0000591354,-0.0000128856,0.0000000023,-0.0056543568,0.0000588407,-0.0000128214,0.0000000023,181.4924606690,14.9964900552,0.0000000000,0.0000000000,0.0047486121,0.0047249533
2048-06-11T12:57:42 UT1,2048-06-11T12:58:53 TT,71s,2048-06-11T13:00:00 TT,0.0283956369,0.5057151412,-0.0000028360,-0.0000056746,0.6462969540,-0.0148260411,-0.0001702357,0.0000002548,23.0990641528,0.0028447600,-0.0000054778,-0.0000000009,0.5657708901,-0.0000155264,-0.0000096825,-0.0000000003,0.0195154497,-0.0000154490,-0.0000096343,-0.0000000003,15.4670097804,14.9991835183,0.0000000000,0.0000000000,0.0046036891,0.0045807524
2048-12-05T15:34:16 UT1,2048-12-05T15:35:27 TT,71s,2048-12-05T16:00:00 TT,0.2282351432,0.5805945039,-0.0000011944,-0.0000097788,-0.4027436106,-0.0135470882,0.0001915466,0.0000001183,-22.4145571968,-0.0051299885,0.0000058337,0.0000000005,0.5388090240,-0.0000502637,-0.0000130230,-0.0000000014,-0.0073124383,-0.0000500133,-0.0000129581,-0.0000000014,62.7125898038,14.9972037733,0.0000000000,0.0000000000,0.0047425601,0.0047189314
2049-05-31T13:58:48 UT1,2049-05-31T13:59:59 TT,71s,2049-05-31T14:00:00 TT,0.0058630156,0.5154549370,-0.0000050395,-0.0000061237,-0.1185576130,0.0247003068,-0.0001354588,-0.0000002085,21.9250763095,0.0058336561,-0.0000051931,-0.0000000001,0.5611269512,0.0000806580,-0.0000100726,0.0000000023,0.0148946312,0.0000802562,-0.0000100224,0.0000000023,30.9811466305,14.9997989083,0.0000000000,0.0000000000,0.0046104283,0.0045874580
2049-11-25T05:32:36 UT1,2049-11-25T05:33:47 TT,71s,2049-11-25T06:00:00 TT,0.2703626410,0.5536428211,0.0000187965,-0.0000082115,0.2692936191,-0.0539396634,0.0001284728,0.0000007054,-20.6949776045,-0.0080826486,0.0000052459,-0.0000000006,0.5489630730,-0.0001224709,-0.0000119394,-0.0000000037,0.0027910417,-0.0001218608,-0.0000118799,-0.0000000037,273.6838151540,14.9983380791,0.0000000000,0.0000000000,0.0047343910,0.0047108030
2050-05-20T20:41:43 UT1,2050-05-20T20:42:54 TT,71s,2050-05-20T21:00:00 TT,0.2584175856,0.5426862395,-0.0000124522,-0.0000076035,-0.8440641136,0.0648596803,-0.0000934180,-0.0000008381,20.0062419917,0.0084989276,-0.0000047121,0.0000000012,0.5473159495,0.0001109835,-0.0000112699,0.0000000040,0.0011524185,0.0001104306,-0.0000112137,0.0000000039,136.2791407031,15.0007738049,0.0000000000,0.0000000000,0.0046187304,0.0045957188
2050-11-14T13:29:36 UT1,2050-11-14T13:30:47 TT,71s,2050-11-14T14:00:00 TT,0.4216497134,0.5154009649,0.0000173825,-0.0000063739,0.9888895317,-0.0857109540,0.0000687664,0.0000009759,-18.1818155813,-0.0106763199,0.0000044283,-0.0000000011,0.5640115949,-0.0001112707,-0.0000105551,-0.0000000029,0.0177646140,-0.0001107165,-0.0000105025,-0.0000000029,34.3135961918,14.9997560835,0.0000000000,0.0000000000,0.0047242712,0.0047007337
